# &                                                
# with filtering in time domain
#   nr   omega  real(strength) imag(strength)  power
    2  0.5868E-01  0.2742E-03  0.4850E-07  0.7518E-07  0.2745E-03  0.2834E-07  0.7534E-07  0.2745E-03  0.3358E-07  0.7535E-07
    3  0.1174      0.2742E-03  0.7633E-07  0.7516E-07  0.2745E-03  0.7249E-07  0.7533E-07  0.2745E-03  0.7801E-07  0.7534E-07
    4  0.1760      0.2742E-03  0.1163E-07  0.7517E-07  0.2745E-03  0.1087E-07  0.7534E-07  0.2745E-03  0.1216E-07  0.7535E-07
    5  0.2347      0.2743E-03 -0.5746E-07  0.7524E-07  0.2746E-03 -0.5588E-07  0.7541E-07  0.2746E-03 -0.5374E-07  0.7541E-07
    6  0.2934      0.2745E-03 -0.9580E-07  0.7535E-07  0.2748E-03 -0.9113E-07  0.7552E-07  0.2748E-03 -0.9059E-07  0.7552E-07
    7  0.3521      0.2747E-03 -0.5509E-07  0.7547E-07  0.2750E-03 -0.4331E-07  0.7564E-07  0.2750E-03 -0.4477E-07  0.7564E-07
    8  0.4108      0.2749E-03 -0.1455E-07  0.7557E-07  0.2752E-03 -0.7424E-08  0.7573E-07  0.2752E-03 -0.6998E-08  0.7574E-07
    9  0.4694      0.2751E-03 -0.4645E-08  0.7568E-07  0.2754E-03 -0.1007E-07  0.7584E-07  0.2754E-03 -0.1171E-07  0.7585E-07
   10  0.5281      0.2753E-03 -0.2602E-07  0.7581E-07  0.2756E-03 -0.2944E-07  0.7597E-07  0.2756E-03 -0.3297E-07  0.7598E-07
   11  0.5868      0.2756E-03 -0.7182E-07  0.7594E-07  0.2759E-03 -0.6746E-07  0.7611E-07  0.2759E-03 -0.6784E-07  0.7612E-07
   12  0.6455      0.2759E-03 -0.1950E-06  0.7614E-07  0.2762E-03 -0.1903E-06  0.7631E-07  0.2762E-03 -0.1870E-06  0.7631E-07
   13  0.7041      0.2764E-03 -0.1970E-06  0.7640E-07  0.2767E-03 -0.1932E-06  0.7657E-07  0.2767E-03 -0.1940E-06  0.7658E-07
   14  0.7628      0.2768E-03 -0.1868E-06  0.7662E-07  0.2771E-03 -0.1797E-06  0.7679E-07  0.2771E-03 -0.1793E-06  0.7680E-07
   15  0.8215      0.2773E-03 -0.2138E-06  0.7690E-07  0.2776E-03 -0.2108E-06  0.7706E-07  0.2776E-03 -0.2114E-06  0.7707E-07
   16  0.8802      0.2778E-03 -0.1482E-06  0.7718E-07  0.2781E-03 -0.1517E-06  0.7735E-07  0.2781E-03 -0.1458E-06  0.7736E-07
   17  0.9389      0.2782E-03 -0.1270E-06  0.7742E-07  0.2785E-03 -0.1248E-06  0.7759E-07  0.2786E-03 -0.1176E-06  0.7760E-07
   18  0.9975      0.2788E-03 -0.2351E-06  0.7773E-07  0.2791E-03 -0.2360E-06  0.7789E-07  0.2791E-03 -0.2281E-06  0.7790E-07
   19   1.056      0.2795E-03 -0.2362E-06  0.7810E-07  0.2798E-03 -0.2436E-06  0.7827E-07  0.2798E-03 -0.2349E-06  0.7827E-07
   20   1.115      0.2801E-03 -0.1886E-06  0.7846E-07  0.2804E-03 -0.1926E-06  0.7863E-07  0.2804E-03 -0.1912E-06  0.7863E-07
   21   1.174      0.2807E-03 -0.1861E-06  0.7880E-07  0.2810E-03 -0.1943E-06  0.7897E-07  0.2810E-03 -0.1920E-06  0.7898E-07
   22   1.232      0.2814E-03 -0.3013E-06  0.7921E-07  0.2818E-03 -0.3005E-06  0.7939E-07  0.2818E-03 -0.2976E-06  0.7939E-07
   23   1.291      0.2823E-03 -0.2551E-06  0.7971E-07  0.2826E-03 -0.2481E-06  0.7988E-07  0.2826E-03 -0.2480E-06  0.7989E-07
   24   1.350      0.2830E-03 -0.1245E-06  0.8011E-07  0.2833E-03 -0.1161E-06  0.8028E-07  0.2833E-03 -0.1150E-06  0.8029E-07
   25   1.408      0.2838E-03 -0.2210E-06  0.8052E-07  0.2841E-03 -0.2176E-06  0.8069E-07  0.2841E-03 -0.2248E-06  0.8069E-07
   26   1.467      0.2846E-03 -0.3044E-06  0.8102E-07  0.2849E-03 -0.3208E-06  0.8120E-07  0.2850E-03 -0.3217E-06  0.8120E-07
   27   1.526      0.2856E-03 -0.4362E-06  0.8156E-07  0.2859E-03 -0.4357E-06  0.8175E-07  0.2859E-03 -0.4362E-06  0.8176E-07
   28   1.584      0.2867E-03 -0.4853E-06  0.8219E-07  0.2870E-03 -0.4856E-06  0.8238E-07  0.2870E-03 -0.4797E-06  0.8238E-07
   29   1.643      0.2878E-03 -0.4868E-06  0.8282E-07  0.2881E-03 -0.4909E-06  0.8301E-07  0.2881E-03 -0.4813E-06  0.8301E-07
   30   1.702      0.2889E-03 -0.4833E-06  0.8347E-07  0.2892E-03 -0.4913E-06  0.8367E-07  0.2892E-03 -0.4843E-06  0.8366E-07
   31   1.760      0.2901E-03 -0.5192E-06  0.8414E-07  0.2904E-03 -0.5176E-06  0.8435E-07  0.2904E-03 -0.5255E-06  0.8434E-07
   32   1.819      0.2913E-03 -0.5599E-06  0.8488E-07  0.2917E-03 -0.5387E-06  0.8509E-07  0.2917E-03 -0.5698E-06  0.8510E-07
   33   1.878      0.2926E-03 -0.5615E-06  0.8562E-07  0.2930E-03 -0.5063E-06  0.8584E-07  0.2930E-03 -0.4944E-06  0.8587E-07
   34   1.936      0.2940E-03 -0.7126E-06  0.8643E-07  0.2943E-03 -0.6139E-06  0.8661E-07  0.2943E-03 -0.5786E-06  0.8661E-07
   35   1.995      0.2956E-03 -0.7204E-06  0.8736E-07  0.2958E-03 -0.6907E-06  0.8752E-07  0.2958E-03 -0.6888E-06  0.8752E-07
   36   2.054      0.2971E-03 -0.6942E-06  0.8828E-07  0.2974E-03 -0.6896E-06  0.8846E-07  0.2974E-03 -0.6941E-06  0.8846E-07
   37   2.112      0.2988E-03 -0.7005E-06  0.8925E-07  0.2991E-03 -0.7035E-06  0.8944E-07  0.2991E-03 -0.7029E-06  0.8944E-07
   38   2.171      0.3005E-03 -0.6802E-06  0.9029E-07  0.3008E-03 -0.6894E-06  0.9048E-07  0.3008E-03 -0.6809E-06  0.9049E-07
   39   2.230      0.3022E-03 -0.6411E-06  0.9136E-07  0.3026E-03 -0.6341E-06  0.9156E-07  0.3026E-03 -0.6303E-06  0.9156E-07
   40   2.288      0.3041E-03 -0.6557E-06  0.9246E-07  0.3044E-03 -0.6497E-06  0.9266E-07  0.3044E-03 -0.6454E-06  0.9266E-07
   41   2.347      0.3061E-03 -0.7063E-06  0.9367E-07  0.3064E-03 -0.7051E-06  0.9388E-07  0.3064E-03 -0.6981E-06  0.9387E-07
   42   2.406      0.3081E-03 -0.7581E-06  0.9495E-07  0.3085E-03 -0.7599E-06  0.9517E-07  0.3085E-03 -0.7541E-06  0.9516E-07
   43   2.465      0.3104E-03 -0.8235E-06  0.9636E-07  0.3108E-03 -0.8236E-06  0.9658E-07  0.3108E-03 -0.8221E-06  0.9658E-07
   44   2.523      0.3128E-03 -0.8219E-06  0.9786E-07  0.3132E-03 -0.8181E-06  0.9808E-07  0.3132E-03 -0.8153E-06  0.9808E-07
   45   2.582      0.3154E-03 -0.8450E-06  0.9945E-07  0.3157E-03 -0.8446E-06  0.9967E-07  0.3157E-03 -0.8312E-06  0.9966E-07
   46   2.641      0.3181E-03 -0.8508E-06  0.1012E-06  0.3184E-03 -0.8768E-06  0.1014E-06  0.3184E-03 -0.8794E-06  0.1014E-06
   47   2.699      0.3209E-03 -0.8470E-06  0.1030E-06  0.3213E-03 -0.8977E-06  0.1032E-06  0.3213E-03 -0.9163E-06  0.1032E-06
   48   2.758      0.3240E-03 -0.9025E-06  0.1050E-06  0.3244E-03 -0.9222E-06  0.1052E-06  0.3244E-03 -0.9209E-06  0.1052E-06
   49   2.817      0.3273E-03 -0.9461E-06  0.1071E-06  0.3277E-03 -0.9460E-06  0.1074E-06  0.3277E-03 -0.9417E-06  0.1074E-06
   50   2.875      0.3309E-03 -0.9504E-06  0.1095E-06  0.3314E-03 -0.9495E-06  0.1098E-06  0.3313E-03 -0.9454E-06  0.1098E-06
   51   2.934      0.3348E-03 -0.9492E-06  0.1121E-06  0.3352E-03 -0.9482E-06  0.1124E-06  0.3352E-03 -0.9431E-06  0.1124E-06
   52   2.993      0.3390E-03 -0.9549E-06  0.1149E-06  0.3395E-03 -0.9547E-06  0.1153E-06  0.3394E-03 -0.9503E-06  0.1152E-06
   53   3.051      0.3437E-03 -0.9727E-06  0.1181E-06  0.3442E-03 -0.9714E-06  0.1185E-06  0.3441E-03 -0.9671E-06  0.1184E-06
   54   3.110      0.3489E-03 -0.9906E-06  0.1217E-06  0.3494E-03 -0.9796E-06  0.1221E-06  0.3493E-03 -0.9864E-06  0.1220E-06
   55   3.169      0.3548E-03 -0.8579E-06  0.1259E-06  0.3553E-03 -0.8478E-06  0.1263E-06  0.3552E-03 -0.8957E-06  0.1262E-06
   56   3.227      0.3611E-03 -0.6636E-06  0.1304E-06  0.3617E-03 -0.6882E-06  0.1308E-06  0.3617E-03 -0.7610E-06  0.1308E-06
   57   3.286      0.3686E-03 -0.9107E-06  0.1359E-06  0.3693E-03 -0.9238E-06  0.1364E-06  0.3692E-03 -0.9461E-06  0.1363E-06
   58   3.345      0.3778E-03 -0.1067E-05  0.1428E-06  0.3786E-03 -0.1034E-05  0.1433E-06  0.3785E-03 -0.1044E-05  0.1433E-06
   59   3.403      0.3893E-03 -0.1097E-05  0.1515E-06  0.3901E-03 -0.1037E-05  0.1522E-06  0.3899E-03 -0.1047E-05  0.1521E-06
   60   3.462      0.4042E-03 -0.1105E-05  0.1634E-06  0.4051E-03 -0.1050E-05  0.1641E-06  0.4049E-03 -0.1048E-05  0.1640E-06
   61   3.521      0.4258E-03 -0.1111E-05  0.1813E-06  0.4268E-03 -0.1084E-05  0.1822E-06  0.4266E-03 -0.1096E-05  0.1820E-06
   62   3.579      0.4630E-03 -0.1180E-05  0.2144E-06  0.4643E-03 -0.1163E-05  0.2156E-06  0.4642E-03 -0.1184E-05  0.2155E-06
   63   3.638      0.5627E-03  0.2439E-04  0.3173E-06  0.5646E-03  0.2376E-04  0.3193E-06  0.5651E-03  0.2522E-04  0.3199E-06
   64   3.697      0.6265E-03  0.2882E-03  0.4756E-06  0.6328E-03  0.2893E-03  0.4841E-06  0.6269E-03  0.2921E-03  0.4783E-06
   65   3.755      0.2395E-03  0.4144E-03  0.2291E-06  0.2415E-03  0.4240E-03  0.2381E-06  0.2366E-03  0.4148E-03  0.2280E-06
   66   3.814      0.1273E-03  0.9076E-04  0.2445E-07  0.1216E-03  0.9493E-04  0.2379E-07  0.1275E-03  0.8956E-04  0.2428E-07
   67   3.873      0.2631E-03 -0.5064E-06  0.6922E-07  0.2599E-03 -0.4014E-06  0.6755E-07  0.2636E-03 -0.5628E-06  0.6948E-07
   68   3.931      0.3204E-03 -0.1303E-05  0.1026E-06  0.3185E-03 -0.1301E-05  0.1014E-06  0.3208E-03 -0.1298E-05  0.1029E-06
   69   3.990      0.3534E-03 -0.1221E-05  0.1249E-06  0.3519E-03 -0.1243E-05  0.1239E-06  0.3539E-03 -0.1169E-05  0.1253E-06
   70   4.049      0.3799E-03 -0.1072E-05  0.1443E-06  0.3787E-03 -0.1123E-05  0.1434E-06  0.3805E-03 -0.9298E-06  0.1448E-06
   71   4.108      0.4055E-03 -0.1165E-05  0.1645E-06  0.4044E-03 -0.1227E-05  0.1636E-06  0.4062E-03 -0.1061E-05  0.1650E-06
   72   4.166      0.4338E-03 -0.1201E-05  0.1882E-06  0.4327E-03 -0.1312E-05  0.1873E-06  0.4347E-03 -0.1123E-05  0.1889E-06
   73   4.225      0.4685E-03 -0.1205E-05  0.2195E-06  0.4674E-03 -0.1300E-05  0.2184E-06  0.4696E-03 -0.1159E-05  0.2206E-06
   74   4.284      0.5168E-03 -0.1227E-05  0.2670E-06  0.5152E-03 -0.1223E-05  0.2654E-06  0.5185E-03 -0.1220E-05  0.2688E-06
   75   4.342      0.5978E-03 -0.1222E-05  0.3574E-06  0.5949E-03 -0.1175E-05  0.3539E-06  0.6011E-03 -0.1240E-05  0.3613E-06
   76   4.401      0.8103E-03  0.3764E-04  0.6579E-06  0.8014E-03  0.3298E-04  0.6433E-06  0.8191E-03  0.4149E-04  0.6726E-06
   77   4.460      0.1040E-02  0.6017E-03  0.1444E-05  0.1048E-02  0.5778E-03  0.1432E-05  0.1038E-02  0.6224E-03  0.1465E-05
   78   4.518      0.1713E-03  0.1072E-02  0.1178E-05  0.2012E-03  0.1085E-02  0.1217E-05  0.1493E-03  0.1070E-02  0.1167E-05
   79   4.577     -0.2680E-03  0.3000E-03  0.1618E-06 -0.2769E-03  0.3204E-03  0.1793E-06 -0.2671E-03  0.2891E-03  0.1549E-06
   80   4.636      0.6220E-04  0.3457E-05  0.3881E-08  0.5398E-04  0.4481E-05  0.2934E-08  0.6421E-04  0.2929E-05  0.4132E-08
   81   4.694      0.2083E-03 -0.1539E-05  0.4340E-07  0.2047E-03 -0.1538E-05  0.4190E-07  0.2083E-03 -0.1530E-05  0.4339E-07
   82   4.753      0.2800E-03 -0.1510E-05  0.7839E-07  0.2774E-03 -0.1505E-05  0.7695E-07  0.2796E-03 -0.1505E-05  0.7818E-07
   83   4.812      0.3308E-03 -0.1436E-05  0.1095E-06  0.3287E-03 -0.1422E-05  0.1080E-06  0.3304E-03 -0.1466E-05  0.1092E-06
   84   4.870      0.3741E-03 -0.1380E-05  0.1400E-06  0.3721E-03 -0.1274E-05  0.1385E-06  0.3738E-03 -0.1252E-05  0.1398E-06
   85   4.929      0.4165E-03 -0.1193E-05  0.1735E-06  0.4140E-03 -0.8680E-06  0.1714E-06  0.4161E-03 -0.7349E-06  0.1731E-06
   86   4.988      0.4635E-03  0.3282E-05  0.2148E-06  0.4600E-03  0.2877E-05  0.2116E-06  0.4632E-03  0.4086E-05  0.2146E-06
   87   5.046      0.5044E-03  0.1637E-04  0.2547E-06  0.5013E-03  0.1364E-04  0.2515E-06  0.5030E-03  0.1809E-04  0.2533E-06
   88   5.105      0.5457E-03  0.1002E-04  0.2979E-06  0.5453E-03  0.7564E-05  0.2974E-06  0.5432E-03  0.1043E-04  0.2952E-06
   89   5.164      0.6226E-03 -0.2156E-06  0.3876E-06  0.6219E-03 -0.6879E-06  0.3868E-06  0.6207E-03 -0.3838E-06  0.3852E-06
   90   5.222      0.7314E-03 -0.1056E-05  0.5350E-06  0.7296E-03 -0.1137E-05  0.5323E-06  0.7298E-03 -0.1106E-05  0.5326E-06
   91   5.281      0.9035E-03 -0.6348E-06  0.8163E-06  0.9006E-03 -0.6417E-06  0.8111E-06  0.9026E-03 -0.6247E-06  0.8147E-06
   92   5.340      0.1274E-02  0.7161E-05  0.1623E-05  0.1269E-02  0.7204E-05  0.1611E-05  0.1279E-02  0.8689E-05  0.1635E-05
   93   5.398      0.2251E-02  0.7037E-03  0.5562E-05  0.2240E-02  0.7040E-03  0.5515E-05  0.2251E-02  0.7409E-03  0.5615E-05
   94   5.457      0.1356E-02  0.3176E-02  0.1192E-04  0.1338E-02  0.3158E-02  0.1176E-04  0.1267E-02  0.3176E-02  0.1170E-04
   95   5.516     -0.1646E-02  0.2230E-02  0.7683E-05 -0.1635E-02  0.2203E-02  0.7526E-05 -0.1650E-02  0.2134E-02  0.7277E-05
   96   5.575     -0.1200E-02  0.2099E-03  0.1485E-05 -0.1183E-02  0.2047E-03  0.1442E-05 -0.1152E-02  0.1900E-03  0.1363E-05
   97   5.633     -0.4546E-03  0.3276E-04  0.2077E-06 -0.4458E-03  0.3089E-04  0.1997E-06 -0.4336E-03  0.3389E-04  0.1892E-06
   98   5.692     -0.2267E-03  0.7142E-04  0.5651E-07 -0.2183E-03  0.6745E-04  0.5218E-07 -0.2152E-03  0.6964E-04  0.5116E-07
   99   5.751     -0.1257E-03  0.4288E-04  0.1765E-07 -0.1140E-03  0.4024E-04  0.1462E-07 -0.1117E-03  0.3863E-04  0.1397E-07
  100   5.809      0.3532E-05  0.2940E-04  0.8770E-09  0.1616E-04  0.3227E-04  0.1303E-08  0.1855E-04  0.3045E-04  0.1271E-08
  101   5.868      0.5687E-04  0.7935E-04  0.9531E-08  0.6311E-04  0.8377E-04  0.1100E-07  0.6799E-04  0.8082E-04  0.1115E-07
  102   5.927      0.6715E-04  0.4146E-04  0.6228E-08  0.7568E-04  0.3961E-04  0.7297E-08  0.8083E-04  0.4061E-04  0.8183E-08
  103   5.985      0.1567E-03  0.1037E-05  0.2457E-07  0.1719E-03  0.5006E-06  0.2955E-07  0.1750E-03  0.9870E-06  0.3061E-07
  104   6.044      0.2595E-03 -0.7286E-06  0.6735E-07  0.2830E-03  0.3063E-06  0.8010E-07  0.2874E-03  0.6097E-06  0.8258E-07
  105   6.103      0.4088E-03  0.6194E-05  0.1671E-06  0.4631E-03  0.1180E-04  0.2146E-06  0.4659E-03  0.1651E-04  0.2174E-06
  106   6.161      0.7617E-03  0.1963E-03  0.6188E-06  0.8506E-03  0.3448E-03  0.8424E-06  0.8455E-03  0.3384E-03  0.8293E-06
  107   6.220      0.6157E-03  0.1087E-02  0.1561E-05  0.3715E-03  0.1248E-02  0.1697E-05  0.3959E-03  0.1243E-02  0.1701E-05
  108   6.279     -0.5326E-03  0.9410E-03  0.1169E-05 -0.6555E-03  0.7243E-03  0.9543E-06 -0.6508E-03  0.7512E-03  0.9878E-06
  109   6.337     -0.4759E-03  0.1119E-03  0.2390E-06 -0.3921E-03  0.4791E-04  0.1561E-06 -0.4042E-03  0.5382E-04  0.1662E-06
  110   6.396     -0.1582E-03 -0.7147E-06  0.2502E-07 -0.1318E-03 -0.6886E-06  0.1736E-07 -0.1361E-03 -0.7168E-06  0.1852E-07
  111   6.455     -0.3939E-04  0.1677E-05  0.1555E-08 -0.2947E-04  0.1696E-05  0.8714E-09 -0.3154E-04  0.1620E-05  0.9973E-09
  112   6.513      0.3259E-04  0.3215E-05  0.1072E-08  0.3535E-04  0.2225E-05  0.1254E-08  0.3441E-04  0.2283E-05  0.1189E-08
  113   6.572      0.9499E-04  0.2721E-04  0.9763E-08  0.9652E-04  0.1912E-04  0.9682E-08  0.9603E-04  0.1929E-04  0.9594E-08
  114   6.631      0.9751E-04  0.6990E-04  0.1439E-07  0.1092E-03  0.6493E-04  0.1613E-07  0.1095E-03  0.6573E-04  0.1630E-07
  115   6.689      0.7710E-04  0.5198E-04  0.8646E-08  0.8404E-04  0.5689E-04  0.1030E-07  0.8275E-04  0.5790E-04  0.1020E-07
  116   6.748      0.9796E-04  0.1529E-04  0.9830E-08  0.9824E-04  0.1920E-04  0.1002E-07  0.9820E-04  0.1814E-04  0.9972E-08
  117   6.807      0.1413E-03  0.1314E-05  0.1997E-07  0.1404E-03  0.1990E-05  0.1972E-07  0.1424E-03  0.2156E-05  0.2028E-07
  118   6.865      0.1831E-03  0.1106E-04  0.3363E-07  0.1824E-03  0.1194E-04  0.3340E-07  0.1846E-03  0.1514E-04  0.3432E-07
  119   6.924      0.2032E-03  0.3934E-04  0.4284E-07  0.1999E-03  0.3919E-04  0.4150E-07  0.1974E-03  0.4368E-04  0.4086E-07
  120   6.983      0.2111E-03  0.5241E-04  0.4732E-07  0.2075E-03  0.4988E-04  0.4553E-07  0.2039E-03  0.4957E-04  0.4402E-07
  121   7.041      0.2052E-03  0.8563E-04  0.4946E-07  0.2014E-03  0.7751E-04  0.4656E-07  0.2003E-03  0.7589E-04  0.4587E-07
  122   7.100      0.1668E-03  0.6113E-04  0.3156E-07  0.1727E-03  0.5263E-04  0.3261E-07  0.1735E-03  0.5141E-04  0.3274E-07
  123   7.159      0.1941E-03  0.2028E-04  0.3808E-07  0.1997E-03  0.1929E-04  0.4027E-07  0.2010E-03  0.1913E-04  0.4077E-07
  124   7.218      0.2316E-03  0.1297E-04  0.5379E-07  0.2343E-03  0.1259E-04  0.5507E-07  0.2359E-03  0.1289E-04  0.5584E-07
  125   7.276      0.2685E-03  0.1607E-04  0.7236E-07  0.2704E-03  0.1556E-04  0.7335E-07  0.2728E-03  0.1665E-04  0.7470E-07
  126   7.335      0.3097E-03  0.3431E-04  0.9711E-07  0.3099E-03  0.3372E-04  0.9720E-07  0.3129E-03  0.3712E-04  0.9927E-07
  127   7.394      0.3441E-03  0.7705E-04  0.1243E-06  0.3434E-03  0.7268E-04  0.1232E-06  0.3445E-03  0.7966E-04  0.1250E-06
  128   7.452      0.3419E-03  0.1432E-03  0.1374E-06  0.3474E-03  0.1375E-03  0.1396E-06  0.3406E-03  0.1459E-03  0.1373E-06
  129   7.511      0.2984E-03  0.1644E-03  0.1160E-06  0.3033E-03  0.1664E-03  0.1197E-06  0.2903E-03  0.1633E-03  0.1109E-06
  130   7.570      0.2937E-03  0.1863E-03  0.1209E-06  0.2927E-03  0.1808E-03  0.1184E-06  0.2941E-03  0.1673E-03  0.1145E-06
  131   7.628      0.2090E-03  0.1913E-03  0.8031E-07  0.2223E-03  0.1882E-03  0.8481E-07  0.2325E-03  0.1903E-03  0.9028E-07
  132   7.687      0.2151E-03  0.8558E-04  0.5361E-07  0.2195E-03  0.9354E-04  0.5693E-07  0.2187E-03  0.9824E-04  0.5750E-07
  133   7.746      0.3098E-03  0.7987E-04  0.1023E-06  0.3106E-03  0.8186E-04  0.1032E-06  0.3109E-03  0.8281E-04  0.1035E-06
  134   7.804      0.3644E-03  0.1449E-03  0.1538E-06  0.3663E-03  0.1479E-03  0.1560E-06  0.3676E-03  0.1504E-03  0.1578E-06
  135   7.863      0.3460E-03  0.2501E-03  0.1822E-06  0.3451E-03  0.2521E-03  0.1826E-06  0.3459E-03  0.2582E-03  0.1863E-06
  136   7.922      0.2383E-03  0.2803E-03  0.1354E-06  0.2385E-03  0.2808E-03  0.1357E-06  0.2306E-03  0.2867E-03  0.1354E-06
  137   7.980      0.1655E-03  0.2219E-03  0.7662E-07  0.1650E-03  0.2220E-03  0.7652E-07  0.1583E-03  0.2176E-03  0.7241E-07
  138   8.039      0.1658E-03  0.1229E-03  0.4259E-07  0.1669E-03  0.1228E-03  0.4292E-07  0.1675E-03  0.1189E-03  0.4220E-07
  139   8.098      0.2533E-03  0.6891E-04  0.6890E-07  0.2514E-03  0.7136E-04  0.6829E-07  0.2541E-03  0.7089E-04  0.6958E-07
  140   8.156      0.3663E-03  0.9831E-04  0.1439E-06  0.3599E-03  0.9261E-04  0.1381E-06  0.3629E-03  0.9840E-04  0.1414E-06
  141   8.215      0.4262E-03  0.2412E-03  0.2399E-06  0.4335E-03  0.2305E-03  0.2411E-06  0.4239E-03  0.2398E-03  0.2371E-06
  142   8.274      0.3402E-03  0.3825E-03  0.2621E-06  0.3491E-03  0.3865E-03  0.2713E-06  0.3349E-03  0.3757E-03  0.2533E-06
  143   8.332      0.1724E-03  0.4386E-03  0.2221E-06  0.1706E-03  0.4416E-03  0.2241E-06  0.1807E-03  0.4291E-03  0.2168E-06
  144   8.391     -0.1760E-04  0.3095E-03  0.9609E-07 -0.1837E-04  0.3059E-03  0.9388E-07 -0.1167E-04  0.3134E-03  0.9837E-07
  145   8.450      0.2978E-04  0.9863E-04  0.1061E-07  0.2919E-04  0.9620E-04  0.1011E-07  0.2737E-04  0.9910E-04  0.1057E-07
  146   8.508      0.1643E-03  0.7575E-04  0.3273E-07  0.1629E-03  0.5994E-04  0.3014E-07  0.1631E-03  0.6601E-04  0.3095E-07
  147   8.567      0.1772E-03  0.1163E-03  0.4494E-07  0.2032E-03  0.1025E-03  0.5178E-07  0.1926E-03  0.1076E-03  0.4868E-07
  148   8.626      0.1962E-03  0.6269E-04  0.4241E-07  0.2224E-03  0.7482E-04  0.5506E-07  0.2119E-03  0.7016E-04  0.4984E-07
  149   8.684      0.2942E-03  0.7521E-04  0.9221E-07  0.3077E-03  0.1021E-03  0.1051E-06  0.3018E-03  0.8953E-04  0.9907E-07
  150   8.743      0.3388E-03  0.1755E-03  0.1456E-06  0.3238E-03  0.2033E-03  0.1462E-06  0.3314E-03  0.1917E-03  0.1465E-06
  151   8.802      0.2356E-03  0.2582E-03  0.1222E-06  0.2119E-03  0.2507E-03  0.1077E-06  0.2233E-03  0.2525E-03  0.1136E-06
  152   8.861      0.1816E-03  0.1376E-03  0.5190E-07  0.1898E-03  0.1246E-03  0.5157E-07  0.1887E-03  0.1318E-03  0.5299E-07
  153   8.919      0.3184E-03  0.1097E-03  0.1134E-06  0.3308E-03  0.1153E-03  0.1227E-06  0.3270E-03  0.1160E-03  0.1204E-06
  154   8.978      0.4023E-03  0.2754E-03  0.2377E-06  0.4079E-03  0.2977E-03  0.2550E-06  0.3992E-03  0.2922E-03  0.2447E-06
  155   9.037      0.2080E-03  0.4682E-03  0.2625E-06  0.1759E-03  0.4839E-03  0.2651E-06  0.1872E-03  0.4679E-03  0.2539E-06
  156   9.095     -0.4843E-04  0.2942E-03  0.8890E-07 -0.6311E-04  0.2661E-03  0.7477E-07 -0.5001E-04  0.2775E-03  0.7953E-07
  157   9.154      0.2801E-04  0.8013E-04  0.7206E-08  0.3936E-04  0.6946E-04  0.6374E-08  0.3556E-04  0.7547E-04  0.6960E-08
  158   9.213      0.1326E-03  0.4535E-04  0.1963E-07  0.1391E-03  0.4343E-04  0.2123E-07  0.1378E-03  0.4420E-04  0.2095E-07
  159   9.271      0.1955E-03  0.4144E-04  0.3992E-07  0.2004E-03  0.4103E-04  0.4186E-07  0.2005E-03  0.4153E-04  0.4193E-07
  160   9.330      0.2490E-03  0.4932E-04  0.6443E-07  0.2534E-03  0.4961E-04  0.6665E-07  0.2542E-03  0.5046E-04  0.6716E-07
  161   9.389      0.3009E-03  0.6982E-04  0.9542E-07  0.3053E-03  0.7052E-04  0.9815E-07  0.3067E-03  0.7226E-04  0.9930E-07
  162   9.447      0.3595E-03  0.1229E-03  0.1444E-06  0.3649E-03  0.1241E-03  0.1486E-06  0.3664E-03  0.1284E-03  0.1507E-06
  163   9.506      0.3543E-03  0.2411E-03  0.1837E-06  0.3623E-03  0.2455E-03  0.1916E-06  0.3590E-03  0.2516E-03  0.1921E-06
  164   9.565      0.2455E-03  0.2835E-03  0.1406E-06  0.2498E-03  0.2986E-03  0.1516E-06  0.2438E-03  0.3004E-03  0.1497E-06
  165   9.623      0.1721E-03  0.2469E-03  0.9058E-07  0.1566E-03  0.2568E-03  0.9044E-07  0.1505E-03  0.2557E-03  0.8802E-07
  166   9.682      0.1335E-03  0.1629E-03  0.4435E-07  0.1266E-03  0.1528E-03  0.3937E-07  0.1238E-03  0.1484E-03  0.3735E-07
  167   9.741      0.1852E-03  0.8914E-04  0.4225E-07  0.1893E-03  0.8619E-04  0.4326E-07  0.1889E-03  0.8431E-04  0.4281E-07
  168   9.799      0.2479E-03  0.7542E-04  0.6716E-07  0.2501E-03  0.7611E-04  0.6834E-07  0.2483E-03  0.7459E-04  0.6723E-07
  169   9.858      0.3115E-03  0.8405E-04  0.1041E-06  0.3137E-03  0.8569E-04  0.1058E-06  0.3111E-03  0.8254E-04  0.1036E-06
  170   9.917      0.3731E-03  0.1588E-03  0.1644E-06  0.3730E-03  0.1637E-03  0.1660E-06  0.3737E-03  0.1548E-03  0.1636E-06
  171   9.975      0.2984E-03  0.2553E-03  0.1542E-06  0.2928E-03  0.2562E-03  0.1514E-06  0.3044E-03  0.2537E-03  0.1570E-06
  172   10.03      0.2155E-03  0.1726E-03  0.7624E-07  0.2146E-03  0.1681E-03  0.7430E-07  0.2190E-03  0.1755E-03  0.7877E-07
  173   10.09      0.2913E-03  0.9736E-04  0.9435E-07  0.2952E-03  0.9546E-04  0.9628E-07  0.2946E-03  0.1001E-03  0.9682E-07
  174   10.15      0.3891E-03  0.1331E-03  0.1691E-06  0.3930E-03  0.1354E-03  0.1728E-06  0.3914E-03  0.1379E-03  0.1723E-06
  175   10.21      0.4125E-03  0.2236E-03  0.2201E-06  0.4157E-03  0.2309E-03  0.2261E-06  0.4173E-03  0.2349E-03  0.2293E-06
  176   10.27      0.3791E-03  0.2828E-03  0.2237E-06  0.3670E-03  0.2928E-03  0.2204E-06  0.3595E-03  0.3012E-03  0.2200E-06
  177   10.33      0.3583E-03  0.2751E-03  0.2041E-06  0.3432E-03  0.2646E-03  0.1878E-06  0.3327E-03  0.2618E-03  0.1792E-06
  178   10.39      0.4302E-03  0.3436E-03  0.3031E-06  0.4262E-03  0.3229E-03  0.2859E-06  0.4200E-03  0.3161E-03  0.2763E-06
  179   10.44      0.3090E-03  0.5378E-03  0.3847E-06  0.3327E-03  0.5145E-03  0.3754E-06  0.3339E-03  0.5037E-03  0.3652E-06
  180   10.50      0.3328E-04  0.4297E-03  0.1858E-06  0.6325E-04  0.4470E-03  0.2039E-06  0.7160E-04  0.4448E-03  0.2030E-06
  181   10.56      0.7669E-04  0.1642E-03  0.3286E-07  0.7413E-04  0.1819E-03  0.3858E-07  0.7698E-04  0.1853E-03  0.4028E-07
  182   10.62      0.3110E-03  0.1063E-03  0.1080E-06  0.3119E-03  0.1099E-03  0.1094E-06  0.3113E-03  0.1127E-03  0.1096E-06
  183   10.68      0.4972E-03  0.3675E-03  0.3822E-06  0.5028E-03  0.3786E-03  0.3961E-06  0.5001E-03  0.3787E-03  0.3936E-06
  184   10.74      0.1732E-03  0.6498E-03  0.4523E-06  0.1670E-03  0.6646E-03  0.4696E-06  0.1668E-03  0.6634E-03  0.4679E-06
  185   10.80     -0.1025E-03  0.3607E-03  0.1406E-06 -0.1128E-03  0.3665E-03  0.1471E-06 -0.1139E-03  0.3668E-03  0.1475E-06
  186   10.86      0.2255E-04  0.1557E-03  0.2476E-07  0.1309E-04  0.1589E-03  0.2542E-07  0.1194E-04  0.1571E-03  0.2481E-07
  187   10.91      0.1366E-03  0.1278E-03  0.3498E-07  0.1253E-03  0.1283E-03  0.3215E-07  0.1260E-03  0.1270E-03  0.3198E-07
  188   10.97      0.2234E-03  0.1353E-03  0.6819E-07  0.2082E-03  0.1291E-03  0.6000E-07  0.2075E-03  0.1286E-03  0.5961E-07
  189   11.03      0.3138E-03  0.2114E-03  0.1432E-06  0.3068E-03  0.1870E-03  0.1291E-06  0.3081E-03  0.1842E-03  0.1289E-06
  190   11.09      0.2744E-03  0.3673E-03  0.2102E-06  0.2990E-03  0.3517E-03  0.2131E-06  0.3009E-03  0.3542E-03  0.2160E-06
  191   11.15      0.1123E-03  0.3776E-03  0.1552E-06  0.1269E-03  0.3940E-03  0.1713E-06  0.1233E-03  0.3921E-03  0.1689E-06
  192   11.21      0.3413E-04  0.2779E-03  0.7841E-07  0.2810E-04  0.2874E-03  0.8337E-07  0.3185E-04  0.2838E-03  0.8154E-07
  193   11.27      0.3679E-04  0.1548E-03  0.2533E-07  0.3237E-04  0.1557E-03  0.2530E-07  0.3510E-04  0.1575E-03  0.2605E-07
  194   11.33      0.1284E-03  0.7265E-04  0.2177E-07  0.1242E-03  0.7282E-04  0.2073E-07  0.1249E-03  0.7346E-04  0.2099E-07
  195   11.38      0.2413E-03  0.8426E-04  0.6535E-07  0.2365E-03  0.7950E-04  0.6227E-07  0.2387E-03  0.8025E-04  0.6341E-07
  196   11.44      0.2777E-03  0.1591E-03  0.1024E-06  0.2799E-03  0.1508E-03  0.1011E-06  0.2810E-03  0.1538E-03  0.1026E-06
  197   11.50      0.2664E-03  0.1788E-03  0.1029E-06  0.2747E-03  0.1766E-03  0.1066E-06  0.2738E-03  0.1791E-03  0.1071E-06
  198   11.56      0.2884E-03  0.1905E-03  0.1195E-06  0.2930E-03  0.1955E-03  0.1241E-06  0.2916E-03  0.1971E-03  0.1239E-06
  199   11.62      0.3009E-03  0.2307E-03  0.1438E-06  0.2985E-03  0.2337E-03  0.1438E-06  0.2975E-03  0.2345E-03  0.1435E-06
  200   11.68      0.2702E-03  0.2694E-03  0.1456E-06  0.2702E-03  0.2667E-03  0.1442E-06  0.2691E-03  0.2681E-03  0.1443E-06
  201   11.74      0.2269E-03  0.2439E-03  0.1110E-06  0.2304E-03  0.2445E-03  0.1128E-06  0.2283E-03  0.2450E-03  0.1121E-06
  202   11.79      0.2576E-03  0.1988E-03  0.1059E-06  0.2586E-03  0.2016E-03  0.1075E-06  0.2572E-03  0.2009E-03  0.1065E-06
  203   11.85      0.3133E-03  0.2172E-03  0.1453E-06  0.3123E-03  0.2182E-03  0.1452E-06  0.3125E-03  0.2182E-03  0.1452E-06
  204   11.91      0.3309E-03  0.2661E-03  0.1803E-06  0.3310E-03  0.2662E-03  0.1804E-06  0.3304E-03  0.2675E-03  0.1807E-06
  205   11.97      0.3206E-03  0.2998E-03  0.1927E-06  0.3205E-03  0.2984E-03  0.1918E-06  0.3193E-03  0.3020E-03  0.1932E-06
  206   12.03      0.3341E-03  0.3334E-03  0.2227E-06  0.3393E-03  0.3375E-03  0.2290E-06  0.3285E-03  0.3379E-03  0.2221E-06
  207   12.09      0.2612E-03  0.4205E-03  0.2450E-06  0.2488E-03  0.4241E-03  0.2418E-06  0.2475E-03  0.4098E-03  0.2292E-06
  208   12.15      0.1700E-03  0.3055E-03  0.1222E-06  0.1718E-03  0.2906E-03  0.1139E-06  0.1848E-03  0.2887E-03  0.1175E-06
  209   12.21      0.3139E-03  0.2786E-03  0.1762E-06  0.3234E-03  0.2792E-03  0.1826E-06  0.3259E-03  0.2901E-03  0.1904E-06
  210   12.26      0.2972E-03  0.4275E-03  0.2711E-06  0.3012E-03  0.4299E-03  0.2756E-06  0.2928E-03  0.4329E-03  0.2731E-06
  211   12.32      0.1762E-03  0.4179E-03  0.2057E-06  0.1783E-03  0.4224E-03  0.2102E-06  0.1754E-03  0.4175E-03  0.2051E-06
  212   12.38      0.1612E-03  0.3447E-03  0.1448E-06  0.1594E-03  0.3469E-03  0.1457E-06  0.1617E-03  0.3450E-03  0.1452E-06
  213   12.44      0.2018E-03  0.3113E-03  0.1376E-06  0.2017E-03  0.3107E-03  0.1372E-06  0.2035E-03  0.3120E-03  0.1387E-06
  214   12.50      0.2636E-03  0.3277E-03  0.1768E-06  0.2653E-03  0.3284E-03  0.1782E-06  0.2662E-03  0.3310E-03  0.1805E-06
  215   12.56      0.3109E-03  0.4249E-03  0.2772E-06  0.3113E-03  0.4277E-03  0.2798E-06  0.3108E-03  0.4336E-03  0.2846E-06
  216   12.62      0.2287E-03  0.5800E-03  0.3887E-06  0.2258E-03  0.5820E-03  0.3898E-06  0.2170E-03  0.5896E-03  0.3947E-06
  217   12.67      0.6876E-05  0.6034E-03  0.3641E-06  0.2796E-05  0.6010E-03  0.3612E-06 -0.1307E-04  0.5974E-03  0.3570E-06
  218   12.73     -0.1526E-03  0.4390E-03  0.2160E-06 -0.1527E-03  0.4337E-03  0.2114E-06 -0.1591E-03  0.4182E-03  0.2002E-06
  219   12.79     -0.1386E-03  0.2351E-03  0.7447E-07 -0.1355E-03  0.2310E-03  0.7173E-07 -0.1297E-03  0.2198E-03  0.6516E-07
  220   12.85     -0.2509E-04  0.1290E-03  0.1727E-07 -0.2075E-04  0.1266E-03  0.1645E-07 -0.1404E-04  0.1233E-03  0.1540E-07
  221   12.91      0.8072E-04  0.1072E-03  0.1800E-07  0.8642E-04  0.1061E-03  0.1872E-07  0.9038E-04  0.1059E-03  0.1938E-07
  222   12.97      0.1687E-03  0.1224E-03  0.4346E-07  0.1753E-03  0.1245E-03  0.4622E-07  0.1771E-03  0.1244E-03  0.4684E-07
  223   13.03      0.2321E-03  0.1883E-03  0.8930E-07  0.2369E-03  0.1948E-03  0.9408E-07  0.2381E-03  0.1939E-03  0.9431E-07
  224   13.09      0.2144E-03  0.2603E-03  0.1137E-06  0.2108E-03  0.2683E-03  0.1164E-06  0.2124E-03  0.2669E-03  0.1164E-06
  225   13.14      0.1717E-03  0.2693E-03  0.1020E-06  0.1652E-03  0.2675E-03  0.9884E-07  0.1680E-03  0.2664E-03  0.9918E-07
  226   13.20      0.1523E-03  0.2444E-03  0.8292E-07  0.1520E-03  0.2399E-03  0.8064E-07  0.1553E-03  0.2405E-03  0.8194E-07
  227   13.26      0.1663E-03  0.2118E-03  0.7250E-07  0.1687E-03  0.2084E-03  0.7188E-07  0.1706E-03  0.2108E-03  0.7357E-07
  228   13.32      0.2047E-03  0.2028E-03  0.8301E-07  0.2072E-03  0.2014E-03  0.8352E-07  0.2073E-03  0.2032E-03  0.8423E-07
  229   13.38      0.2251E-03  0.2175E-03  0.9801E-07  0.2273E-03  0.2120E-03  0.9661E-07  0.2273E-03  0.2141E-03  0.9750E-07
  230   13.44      0.2417E-03  0.2049E-03  0.1004E-06  0.2547E-03  0.1993E-03  0.1046E-06  0.2518E-03  0.2008E-03  0.1037E-06
  231   13.50      0.3063E-03  0.2092E-03  0.1376E-06  0.3219E-03  0.2197E-03  0.1519E-06  0.3190E-03  0.2162E-03  0.1485E-06
  232   13.55      0.3533E-03  0.2716E-03  0.1986E-06  0.3527E-03  0.2864E-03  0.2064E-06  0.3563E-03  0.2819E-03  0.2064E-06
  233   13.61      0.3690E-03  0.3381E-03  0.2504E-06  0.3645E-03  0.3439E-03  0.2511E-06  0.3699E-03  0.3453E-03  0.2560E-06
  234   13.67      0.3593E-03  0.4276E-03  0.3120E-06  0.3558E-03  0.4303E-03  0.3117E-06  0.3582E-03  0.4344E-03  0.3170E-06
  235   13.73      0.2806E-03  0.5017E-03  0.3304E-06  0.2785E-03  0.5017E-03  0.3293E-06  0.2782E-03  0.5060E-03  0.3335E-06
  236   13.79      0.1828E-03  0.4911E-03  0.2746E-06  0.1835E-03  0.4911E-03  0.2748E-06  0.1815E-03  0.4945E-03  0.2775E-06
  237   13.85      0.1577E-03  0.4359E-03  0.2148E-06  0.1579E-03  0.4375E-03  0.2164E-06  0.1549E-03  0.4402E-03  0.2178E-06
  238   13.91      0.1832E-03  0.4387E-03  0.2260E-06  0.1833E-03  0.4376E-03  0.2251E-06  0.1786E-03  0.4395E-03  0.2250E-06
  239   13.97      0.1448E-03  0.4951E-03  0.2661E-06  0.1502E-03  0.4956E-03  0.2682E-06  0.1437E-03  0.4935E-03  0.2642E-06
  240   14.02      0.3720E-04  0.4658E-03  0.2183E-06  0.3902E-04  0.4717E-03  0.2240E-06  0.3773E-04  0.4660E-03  0.2186E-06
  241   14.08      0.4118E-04  0.3522E-03  0.1258E-06  0.4263E-04  0.3533E-03  0.1266E-06  0.4301E-04  0.3526E-03  0.1261E-06
  242   14.14      0.9585E-04  0.3632E-03  0.1411E-06  0.1010E-03  0.3725E-03  0.1490E-06  0.9846E-04  0.3694E-03  0.1462E-06
  243   14.20      0.5664E-04  0.3381E-03  0.1175E-06  0.4732E-04  0.3489E-03  0.1240E-06  0.4935E-04  0.3453E-03  0.1217E-06
  244   14.26      0.1247E-03  0.2787E-03  0.9323E-07  0.1147E-03  0.2748E-03  0.8868E-07  0.1152E-03  0.2750E-03  0.8890E-07
  245   14.32      0.1958E-03  0.3407E-03  0.1544E-06  0.1956E-03  0.3356E-03  0.1509E-06  0.1952E-03  0.3328E-03  0.1489E-06
  246   14.38      0.1710E-03  0.4133E-03  0.2001E-06  0.1727E-03  0.4124E-03  0.1999E-06  0.1753E-03  0.4109E-03  0.1996E-06
  247   14.44      0.1225E-03  0.4344E-03  0.2037E-06  0.1227E-03  0.4347E-03  0.2040E-06  0.1241E-03  0.4357E-03  0.2052E-06
  248   14.49      0.7932E-04  0.4362E-03  0.1966E-06  0.8019E-04  0.4347E-03  0.1954E-06  0.7925E-04  0.4364E-03  0.1967E-06
  249   14.55      0.3828E-04  0.4126E-03  0.1717E-06  0.4302E-04  0.4136E-03  0.1729E-06  0.3787E-04  0.4125E-03  0.1716E-06
  250   14.61      0.2215E-04  0.3896E-03  0.1523E-06  0.2271E-04  0.3964E-03  0.1577E-06  0.2153E-04  0.3879E-03  0.1509E-06
  251   14.67     -0.1722E-04  0.3571E-03  0.1278E-06 -0.2198E-04  0.3593E-03  0.1295E-06 -0.1627E-04  0.3546E-03  0.1260E-06
  252   14.73     -0.1586E-04  0.2787E-03  0.7793E-07 -0.1815E-04  0.2781E-03  0.7769E-07 -0.1372E-04  0.2766E-03  0.7670E-07
  253   14.79      0.3688E-04  0.2309E-03  0.5465E-07  0.3521E-04  0.2301E-03  0.5421E-07  0.3986E-04  0.2290E-03  0.5404E-07
  254   14.85      0.9432E-04  0.2192E-03  0.5694E-07  0.9289E-04  0.2185E-03  0.5637E-07  0.9837E-04  0.2182E-03  0.5730E-07
  255   14.90      0.1475E-03  0.2304E-03  0.7486E-07  0.1449E-03  0.2288E-03  0.7334E-07  0.1518E-03  0.2306E-03  0.7626E-07
  256   14.96      0.1934E-03  0.2643E-03  0.1073E-06  0.1912E-03  0.2593E-03  0.1038E-06  0.1977E-03  0.2654E-03  0.1095E-06
  257   15.02      0.2176E-03  0.3235E-03  0.1520E-06  0.2192E-03  0.3157E-03  0.1477E-06  0.2218E-03  0.3252E-03  0.1549E-06
  258   15.08      0.1955E-03  0.3858E-03  0.1871E-06  0.2027E-03  0.3790E-03  0.1847E-06  0.1999E-03  0.3881E-03  0.1906E-06
  259   15.14      0.1494E-03  0.4071E-03  0.1881E-06  0.1599E-03  0.4046E-03  0.1892E-06  0.1538E-03  0.4104E-03  0.1921E-06
  260   15.20      0.1217E-03  0.4059E-03  0.1795E-06  0.1324E-03  0.4085E-03  0.1844E-06  0.1261E-03  0.4106E-03  0.1845E-06
  261   15.26      0.9939E-04  0.4096E-03  0.1776E-06  0.1074E-03  0.4153E-03  0.1840E-06  0.1025E-03  0.4158E-03  0.1834E-06
  262   15.32      0.6184E-04  0.3971E-03  0.1615E-06  0.6817E-04  0.4045E-03  0.1683E-06  0.6351E-04  0.4047E-03  0.1678E-06
  263   15.37      0.5521E-04  0.3517E-03  0.1268E-06  0.5821E-04  0.3599E-03  0.1329E-06  0.5266E-04  0.3593E-03  0.1319E-06
  264   15.43      0.9303E-04  0.3328E-03  0.1194E-06  0.9495E-04  0.3394E-03  0.1242E-06  0.8893E-04  0.3357E-03  0.1206E-06
  265   15.49      0.1234E-03  0.3674E-03  0.1502E-06  0.1256E-03  0.3750E-03  0.1564E-06  0.1226E-03  0.3679E-03  0.1504E-06
  266   15.55      0.9519E-04  0.4152E-03  0.1814E-06  0.9514E-04  0.4241E-03  0.1889E-06  0.9741E-04  0.4173E-03  0.1836E-06
  267   15.61      0.3768E-04  0.4132E-03  0.1722E-06  0.3473E-04  0.4214E-03  0.1788E-06  0.4007E-04  0.4185E-03  0.1768E-06
  268   15.67      0.3555E-05  0.3760E-03  0.1414E-06 -0.9368E-06  0.3820E-03  0.1460E-06  0.4112E-05  0.3836E-03  0.1472E-06
  269   15.73     -0.7475E-05  0.3271E-03  0.1070E-06 -0.1224E-04  0.3314E-03  0.1100E-06 -0.9947E-05  0.3363E-03  0.1132E-06
  270   15.78      0.1868E-04  0.2728E-03  0.7475E-07  0.1372E-04  0.2754E-03  0.7602E-07  0.1112E-04  0.2809E-03  0.7905E-07
  271   15.84      0.8008E-04  0.2593E-03  0.7364E-07  0.7685E-04  0.2598E-03  0.7342E-07  0.7057E-04  0.2615E-03  0.7338E-07
  272   15.90      0.1117E-03  0.2924E-03  0.9797E-07  0.1114E-03  0.2958E-03  0.9989E-07  0.1065E-03  0.2928E-03  0.9710E-07
  273   15.96      0.1147E-03  0.3026E-03  0.1047E-06  0.1070E-03  0.3094E-03  0.1072E-06  0.1063E-03  0.3057E-03  0.1048E-06
  274   16.02      0.1436E-03  0.3262E-03  0.1270E-06  0.1341E-03  0.3202E-03  0.1205E-06  0.1342E-03  0.3208E-03  0.1209E-06
  275   16.08      0.1199E-03  0.3745E-03  0.1546E-06  0.1222E-03  0.3701E-03  0.1519E-06  0.1176E-03  0.3699E-03  0.1506E-06
  276   16.14      0.7948E-04  0.3628E-03  0.1380E-06  0.7940E-04  0.3642E-03  0.1389E-06  0.7585E-04  0.3599E-03  0.1353E-06
  277   16.20      0.7808E-04  0.3374E-03  0.1199E-06  0.7625E-04  0.3375E-03  0.1197E-06  0.7534E-04  0.3323E-03  0.1161E-06
  278   16.25      0.9149E-04  0.3259E-03  0.1146E-06  0.9004E-04  0.3247E-03  0.1135E-06  0.9145E-04  0.3204E-03  0.1110E-06
  279   16.31      0.1070E-03  0.3244E-03  0.1167E-06  0.1072E-03  0.3232E-03  0.1159E-06  0.1093E-03  0.3205E-03  0.1147E-06
  280   16.37      0.1211E-03  0.3281E-03  0.1223E-06  0.1215E-03  0.3279E-03  0.1223E-06  0.1238E-03  0.3261E-03  0.1217E-06
  281   16.43      0.1420E-03  0.3334E-03  0.1313E-06  0.1420E-03  0.3332E-03  0.1312E-06  0.1451E-03  0.3334E-03  0.1322E-06
  282   16.49      0.1677E-03  0.3650E-03  0.1613E-06  0.1684E-03  0.3631E-03  0.1602E-06  0.1673E-03  0.3667E-03  0.1624E-06
  283   16.55      0.1588E-03  0.4084E-03  0.1920E-06  0.1637E-03  0.4090E-03  0.1941E-06  0.1583E-03  0.4060E-03  0.1899E-06
  284   16.61      0.1370E-03  0.4350E-03  0.2080E-06  0.1373E-03  0.4405E-03  0.2129E-06  0.1396E-03  0.4341E-03  0.2080E-06
  285   16.66      0.1044E-03  0.4483E-03  0.2119E-06  0.1022E-03  0.4491E-03  0.2121E-06  0.1061E-03  0.4493E-03  0.2132E-06
  286   16.72      0.8386E-04  0.4442E-03  0.2044E-06  0.8420E-04  0.4446E-03  0.2048E-06  0.8425E-04  0.4456E-03  0.2056E-06
  287   16.78      0.6804E-04  0.4465E-03  0.2040E-06  0.6850E-04  0.4477E-03  0.2051E-06  0.6749E-04  0.4472E-03  0.2046E-06
  288   16.84      0.4737E-04  0.4431E-03  0.1985E-06  0.4797E-04  0.4446E-03  0.2000E-06  0.4671E-04  0.4428E-03  0.1983E-06
  289   16.90      0.3208E-04  0.4298E-03  0.1858E-06  0.3219E-04  0.4325E-03  0.1881E-06  0.3185E-04  0.4292E-03  0.1852E-06
  290   16.96      0.3306E-04  0.4171E-03  0.1750E-06  0.3094E-04  0.4190E-03  0.1766E-06  0.3293E-04  0.4161E-03  0.1742E-06
  291   17.02      0.3149E-04  0.4266E-03  0.1830E-06  0.3070E-04  0.4256E-03  0.1821E-06  0.3214E-04  0.4248E-03  0.1815E-06
  292   17.08      0.4603E-05  0.4250E-03  0.1806E-06  0.6673E-05  0.4260E-03  0.1815E-06  0.6686E-05  0.4238E-03  0.1797E-06
  293   17.13     -0.1046E-04  0.3987E-03  0.1591E-06 -0.1043E-04  0.4024E-03  0.1620E-06 -0.8699E-05  0.3988E-03  0.1591E-06
  294   17.19     -0.3896E-05  0.3716E-03  0.1381E-06 -0.7293E-05  0.3743E-03  0.1402E-06 -0.3256E-05  0.3716E-03  0.1381E-06
  295   17.25      0.2015E-04  0.3598E-03  0.1298E-06  0.1503E-04  0.3572E-03  0.1278E-06  0.2026E-04  0.3574E-03  0.1281E-06
  296   17.31      0.3641E-04  0.3768E-03  0.1433E-06  0.3897E-04  0.3682E-03  0.1371E-06  0.4163E-04  0.3718E-03  0.1400E-06
  297   17.37      0.2106E-04  0.3880E-03  0.1510E-06  0.3340E-04  0.3889E-03  0.1524E-06  0.3120E-04  0.3907E-03  0.1536E-06
  298   17.43      0.1567E-04  0.3746E-03  0.1406E-06  0.1938E-04  0.3857E-03  0.1491E-06  0.1848E-04  0.3830E-03  0.1470E-06
  299   17.49      0.2101E-04  0.3732E-03  0.1397E-06  0.1733E-04  0.3790E-03  0.1439E-06  0.1909E-04  0.3767E-03  0.1423E-06
  300   17.55      0.1841E-04  0.3705E-03  0.1376E-06  0.1696E-04  0.3726E-03  0.1391E-06  0.1901E-04  0.3711E-03  0.1381E-06
  301   17.60      0.2136E-04  0.3637E-03  0.1327E-06  0.2114E-04  0.3668E-03  0.1350E-06  0.2337E-04  0.3655E-03  0.1341E-06
  302   17.66      0.2824E-04  0.3611E-03  0.1312E-06  0.2726E-04  0.3649E-03  0.1339E-06  0.3000E-04  0.3637E-03  0.1331E-06
  303   17.72      0.3302E-04  0.3630E-03  0.1328E-06  0.3126E-04  0.3667E-03  0.1354E-06  0.3465E-04  0.3657E-03  0.1349E-06
  304   17.78      0.3401E-04  0.3621E-03  0.1323E-06  0.3181E-04  0.3656E-03  0.1347E-06  0.3581E-04  0.3654E-03  0.1348E-06
  305   17.84      0.4058E-04  0.3571E-03  0.1291E-06  0.3788E-04  0.3609E-03  0.1317E-06  0.4196E-04  0.3615E-03  0.1324E-06
  306   17.90      0.5405E-04  0.3587E-03  0.1316E-06  0.4971E-04  0.3628E-03  0.1341E-06  0.5388E-04  0.3639E-03  0.1353E-06
  307   17.96      0.6417E-04  0.3688E-03  0.1401E-06  0.5729E-04  0.3716E-03  0.1414E-06  0.6199E-04  0.3735E-03  0.1433E-06
  308   18.01      0.6965E-04  0.3805E-03  0.1496E-06  0.6137E-04  0.3797E-03  0.1480E-06  0.6640E-04  0.3833E-03  0.1513E-06
  309   18.07      0.7292E-04  0.3969E-03  0.1629E-06  0.6587E-04  0.3920E-03  0.1580E-06  0.7000E-04  0.3978E-03  0.1631E-06
  310   18.13      0.5993E-04  0.4176E-03  0.1780E-06  0.5690E-04  0.4098E-03  0.1712E-06  0.5810E-04  0.4167E-03  0.1770E-06
  311   18.19      0.3224E-04  0.4119E-03  0.1707E-06  0.3448E-04  0.4054E-03  0.1656E-06  0.3499E-04  0.4097E-03  0.1691E-06
  312   18.25      0.3662E-04  0.3846E-03  0.1493E-06  0.3827E-04  0.3824E-03  0.1477E-06  0.4178E-04  0.3909E-03  0.1546E-06
  313   18.31      0.5852E-04  0.3845E-03  0.1513E-06  0.5878E-04  0.3787E-03  0.1469E-06  0.5377E-04  0.3907E-03  0.1555E-06
  314   18.37      0.6896E-04  0.3898E-03  0.1567E-06  0.7574E-04  0.3838E-03  0.1530E-06  0.6669E-04  0.3898E-03  0.1564E-06
  315   18.43      0.8667E-04  0.3929E-03  0.1619E-06  0.9549E-04  0.3922E-03  0.1630E-06  0.8619E-04  0.3949E-03  0.1634E-06
  316   18.48      0.1162E-03  0.4137E-03  0.1846E-06  0.1239E-03  0.4161E-03  0.1885E-06  0.1145E-03  0.4153E-03  0.1856E-06
  317   18.54      0.1282E-03  0.4606E-03  0.2286E-06  0.1351E-03  0.4655E-03  0.2350E-06  0.1277E-03  0.4611E-03  0.2289E-06
  318   18.60      0.1144E-03  0.5086E-03  0.2717E-06  0.1194E-03  0.5156E-03  0.2801E-06  0.1154E-03  0.5101E-03  0.2735E-06
  319   18.66      0.7770E-04  0.5487E-03  0.3072E-06  0.8018E-04  0.5576E-03  0.3174E-06  0.7892E-04  0.5521E-03  0.3111E-06
  320   18.72      0.2506E-04  0.5655E-03  0.3204E-06  0.2315E-04  0.5745E-03  0.3306E-06  0.2479E-04  0.5707E-03  0.3263E-06
  321   18.78     -0.2891E-04  0.5581E-03  0.3123E-06 -0.3450E-04  0.5639E-03  0.3191E-06 -0.3147E-04  0.5632E-03  0.3182E-06
  322   18.84     -0.8134E-04  0.5173E-03  0.2742E-06 -0.8686E-04  0.5171E-03  0.2749E-06 -0.8456E-04  0.5215E-03  0.2791E-06
  323   18.89     -0.8606E-04  0.4334E-03  0.1953E-06 -0.8485E-04  0.4306E-03  0.1926E-06 -0.9026E-04  0.4386E-03  0.2005E-06
  324   18.95     -0.5268E-05  0.3763E-03  0.1416E-06 -0.3512E-06  0.3792E-03  0.1438E-06 -0.1398E-04  0.3807E-03  0.1451E-06
  325   19.01      0.9802E-04  0.4252E-03  0.1904E-06  0.1002E-03  0.4319E-03  0.1966E-06  0.8718E-04  0.4230E-03  0.1865E-06
  326   19.07      0.1069E-03  0.5430E-03  0.3062E-06  0.1060E-03  0.5506E-03  0.3144E-06  0.1009E-03  0.5360E-03  0.2975E-06
  327   19.13      0.3182E-04  0.6099E-03  0.3729E-06  0.2808E-04  0.6167E-03  0.3811E-06  0.2912E-04  0.6036E-03  0.3652E-06
  328   19.19     -0.5041E-04  0.6130E-03  0.3783E-06 -0.5667E-04  0.6170E-03  0.3839E-06 -0.5156E-04  0.6048E-03  0.3684E-06
  329   19.25     -0.1098E-03  0.5630E-03  0.3290E-06 -0.1146E-03  0.5622E-03  0.3292E-06 -0.1051E-03  0.5546E-03  0.3186E-06
  330   19.31     -0.9804E-04  0.4943E-03  0.2539E-06 -0.9714E-04  0.4925E-03  0.2520E-06 -0.8943E-04  0.4888E-03  0.2469E-06
  331   19.36     -0.4249E-04  0.4820E-03  0.2341E-06 -0.3711E-04  0.4863E-03  0.2378E-06 -0.2886E-04  0.4826E-03  0.2337E-06
  332   19.42     -0.2679E-05  0.5193E-03  0.2696E-06 -0.1848E-05  0.5309E-03  0.2818E-06  0.7825E-05  0.5300E-03  0.2809E-06
  333   19.48      0.1809E-05  0.5827E-03  0.3395E-06 -0.5386E-05  0.5940E-03  0.3529E-06  0.3441E-05  0.5964E-03  0.3557E-06
  334   19.54     -0.3864E-04  0.6436E-03  0.4158E-06 -0.5002E-04  0.6499E-03  0.4248E-06 -0.4322E-04  0.6540E-03  0.4296E-06
  335   19.60     -0.1090E-03  0.6720E-03  0.4635E-06 -0.1203E-03  0.6733E-03  0.4679E-06 -0.1153E-03  0.6787E-03  0.4740E-06
  336   19.66     -0.1780E-03  0.6656E-03  0.4747E-06 -0.1875E-03  0.6636E-03  0.4755E-06 -0.1853E-03  0.6690E-03  0.4819E-06
  337   19.72     -0.2395E-03  0.6331E-03  0.4581E-06 -0.2466E-03  0.6301E-03  0.4578E-06 -0.2448E-03  0.6332E-03  0.4609E-06
  338   19.77     -0.2668E-03  0.5756E-03  0.4025E-06 -0.2733E-03  0.5711E-03  0.4009E-06 -0.2696E-03  0.5764E-03  0.4050E-06
  339   19.83     -0.2591E-03  0.5427E-03  0.3617E-06 -0.2618E-03  0.5367E-03  0.3566E-06 -0.2629E-03  0.5440E-03  0.3651E-06
  340   19.89     -0.2609E-03  0.5331E-03  0.3522E-06 -0.2610E-03  0.5300E-03  0.3490E-06 -0.2639E-03  0.5339E-03  0.3547E-06
  341   19.95     -0.2746E-03  0.5282E-03  0.3544E-06 -0.2754E-03  0.5261E-03  0.3526E-06 -0.2782E-03  0.5285E-03  0.3567E-06
  342   20.01     -0.3053E-03  0.5119E-03  0.3552E-06 -0.3048E-03  0.5103E-03  0.3533E-06 -0.3070E-03  0.5117E-03  0.3561E-06
  343   20.07     -0.3260E-03  0.4692E-03  0.3264E-06 -0.3251E-03  0.4701E-03  0.3267E-06 -0.3277E-03  0.4711E-03  0.3293E-06
  344   20.13     -0.3221E-03  0.4242E-03  0.2837E-06 -0.3241E-03  0.4270E-03  0.2874E-06 -0.3255E-03  0.4261E-03  0.2875E-06
  345   20.19     -0.2949E-03  0.3885E-03  0.2379E-06 -0.2995E-03  0.3881E-03  0.2403E-06 -0.2983E-03  0.3888E-03  0.2402E-06
  346   20.24     -0.2650E-03  0.3902E-03  0.2225E-06 -0.2661E-03  0.3881E-03  0.2214E-06 -0.2670E-03  0.3906E-03  0.2239E-06
  347   20.30     -0.2649E-03  0.3939E-03  0.2253E-06 -0.2656E-03  0.3950E-03  0.2266E-06 -0.2670E-03  0.3964E-03  0.2284E-06
  348   20.36     -0.2675E-03  0.3879E-03  0.2221E-06 -0.2709E-03  0.3888E-03  0.2246E-06 -0.2729E-03  0.3908E-03  0.2272E-06
  349   20.42     -0.2735E-03  0.3688E-03  0.2108E-06 -0.2766E-03  0.3678E-03  0.2117E-06 -0.2797E-03  0.3685E-03  0.2141E-06
  350   20.48     -0.2572E-03  0.3405E-03  0.1821E-06 -0.2593E-03  0.3397E-03  0.1827E-06 -0.2621E-03  0.3394E-03  0.1839E-06
  351   20.54     -0.2244E-03  0.3294E-03  0.1588E-06 -0.2272E-03  0.3298E-03  0.1604E-06 -0.2294E-03  0.3287E-03  0.1606E-06
  352   20.60     -0.1868E-03  0.3393E-03  0.1500E-06 -0.1933E-03  0.3372E-03  0.1511E-06 -0.1939E-03  0.3372E-03  0.1513E-06
  353   20.66     -0.1654E-03  0.3802E-03  0.1719E-06 -0.1670E-03  0.3722E-03  0.1664E-06 -0.1717E-03  0.3739E-03  0.1693E-06
  354   20.71     -0.1813E-03  0.4173E-03  0.2070E-06 -0.1779E-03  0.4140E-03  0.2030E-06 -0.1839E-03  0.4092E-03  0.2013E-06
  355   20.77     -0.2084E-03  0.4385E-03  0.2357E-06 -0.2062E-03  0.4373E-03  0.2338E-06 -0.2072E-03  0.4304E-03  0.2282E-06
  356   20.83     -0.2490E-03  0.4398E-03  0.2554E-06 -0.2464E-03  0.4402E-03  0.2545E-06 -0.2442E-03  0.4351E-03  0.2490E-06
  357   20.89     -0.2722E-03  0.4136E-03  0.2451E-06 -0.2713E-03  0.4155E-03  0.2462E-06 -0.2689E-03  0.4125E-03  0.2425E-06
  358   20.95     -0.2816E-03  0.3916E-03  0.2327E-06 -0.2813E-03  0.3946E-03  0.2348E-06 -0.2785E-03  0.3911E-03  0.2305E-06
  359   21.01     -0.2657E-03  0.3532E-03  0.1953E-06 -0.2705E-03  0.3558E-03  0.1997E-06 -0.2648E-03  0.3548E-03  0.1960E-06
  360   21.07     -0.2168E-03  0.3774E-03  0.1894E-06 -0.2195E-03  0.3731E-03  0.1874E-06 -0.2169E-03  0.3759E-03  0.1884E-06
  361   21.12     -0.2431E-03  0.4321E-03  0.2458E-06 -0.2404E-03  0.4309E-03  0.2434E-06 -0.2404E-03  0.4315E-03  0.2440E-06
  362   21.18     -0.3008E-03  0.4340E-03  0.2789E-06 -0.2997E-03  0.4364E-03  0.2803E-06 -0.2987E-03  0.4359E-03  0.2792E-06
  363   21.24     -0.3421E-03  0.4001E-03  0.2771E-06 -0.3433E-03  0.4028E-03  0.2802E-06 -0.3417E-03  0.4027E-03  0.2789E-06
  364   21.30     -0.3574E-03  0.3539E-03  0.2529E-06 -0.3598E-03  0.3553E-03  0.2557E-06 -0.3580E-03  0.3557E-03  0.2547E-06
  365   21.36     -0.3514E-03  0.3086E-03  0.2187E-06 -0.3529E-03  0.3095E-03  0.2203E-06 -0.3517E-03  0.3106E-03  0.2201E-06
  366   21.42     -0.3259E-03  0.2734E-03  0.1810E-06 -0.3280E-03  0.2761E-03  0.1839E-06 -0.3272E-03  0.2763E-03  0.1834E-06
  367   21.48     -0.2941E-03  0.2545E-03  0.1513E-06 -0.2992E-03  0.2565E-03  0.1553E-06 -0.2970E-03  0.2572E-03  0.1543E-06
  368   21.54     -0.2551E-03  0.2440E-03  0.1247E-06 -0.2615E-03  0.2440E-03  0.1279E-06 -0.2598E-03  0.2463E-03  0.1282E-06
  369   21.59     -0.2036E-03  0.2600E-03  0.1090E-06 -0.2115E-03  0.2561E-03  0.1104E-06 -0.2110E-03  0.2591E-03  0.1117E-06
  370   21.65     -0.1755E-03  0.3224E-03  0.1348E-06 -0.1792E-03  0.3122E-03  0.1296E-06 -0.1801E-03  0.3153E-03  0.1318E-06
  371   21.71     -0.2149E-03  0.3812E-03  0.1915E-06 -0.2098E-03  0.3732E-03  0.1833E-06 -0.2121E-03  0.3756E-03  0.1861E-06
  372   21.77     -0.2705E-03  0.3815E-03  0.2187E-06 -0.2645E-03  0.3802E-03  0.2145E-06 -0.2678E-03  0.3815E-03  0.2172E-06
  373   21.83     -0.2960E-03  0.3586E-03  0.2162E-06 -0.2924E-03  0.3599E-03  0.2150E-06 -0.2962E-03  0.3594E-03  0.2169E-06
  374   21.89     -0.3057E-03  0.3420E-03  0.2104E-06 -0.3038E-03  0.3443E-03  0.2108E-06 -0.3071E-03  0.3417E-03  0.2111E-06
  375   21.95     -0.3142E-03  0.3292E-03  0.2071E-06 -0.3140E-03  0.3318E-03  0.2087E-06 -0.3154E-03  0.3278E-03  0.2069E-06
  376   22.00     -0.3206E-03  0.3161E-03  0.2027E-06 -0.3218E-03  0.3181E-03  0.2047E-06 -0.3209E-03  0.3141E-03  0.2016E-06
  377   22.06     -0.3282E-03  0.3056E-03  0.2011E-06 -0.3297E-03  0.3066E-03  0.2027E-06 -0.3272E-03  0.3037E-03  0.1993E-06
  378   22.12     -0.3423E-03  0.2870E-03  0.1995E-06 -0.3434E-03  0.2876E-03  0.2006E-06 -0.3404E-03  0.2865E-03  0.1980E-06
  379   22.18     -0.3439E-03  0.2523E-03  0.1819E-06 -0.3452E-03  0.2531E-03  0.1832E-06 -0.3429E-03  0.2533E-03  0.1818E-06
  380   22.24     -0.3221E-03  0.2258E-03  0.1548E-06 -0.3238E-03  0.2264E-03  0.1561E-06 -0.3222E-03  0.2268E-03  0.1553E-06
  381   22.30     -0.3023E-03  0.2196E-03  0.1396E-06 -0.3041E-03  0.2200E-03  0.1409E-06 -0.3028E-03  0.2203E-03  0.1402E-06
  382   22.36     -0.2915E-03  0.2115E-03  0.1297E-06 -0.2936E-03  0.2114E-03  0.1309E-06 -0.2924E-03  0.2118E-03  0.1303E-06
  383   22.42     -0.2746E-03  0.2002E-03  0.1155E-06 -0.2764E-03  0.1999E-03  0.1164E-06 -0.2753E-03  0.2003E-03  0.1159E-06
  384   22.47     -0.2510E-03  0.1956E-03  0.1013E-06 -0.2531E-03  0.1950E-03  0.1021E-06 -0.2518E-03  0.1955E-03  0.1016E-06
  385   22.53     -0.2258E-03  0.1985E-03  0.9037E-07 -0.2279E-03  0.1973E-03  0.9089E-07 -0.2262E-03  0.1985E-03  0.9058E-07
  386   22.59     -0.1971E-03  0.2140E-03  0.8462E-07 -0.1990E-03  0.2117E-03  0.8440E-07 -0.1980E-03  0.2144E-03  0.8517E-07
  387   22.65     -0.1822E-03  0.2474E-03  0.9438E-07 -0.1823E-03  0.2447E-03  0.9307E-07 -0.1836E-03  0.2472E-03  0.9486E-07
  388   22.71     -0.1892E-03  0.2768E-03  0.1124E-06 -0.1881E-03  0.2758E-03  0.1114E-06 -0.1907E-03  0.2761E-03  0.1126E-06
  389   22.77     -0.1946E-03  0.2912E-03  0.1227E-06 -0.1954E-03  0.2912E-03  0.1230E-06 -0.1963E-03  0.2894E-03  0.1223E-06
  390   22.83     -0.1938E-03  0.3286E-03  0.1455E-06 -0.1936E-03  0.3262E-03  0.1439E-06 -0.1931E-03  0.3252E-03  0.1431E-06
  391   22.88     -0.2440E-03  0.3700E-03  0.1965E-06 -0.2417E-03  0.3702E-03  0.1955E-06 -0.2410E-03  0.3694E-03  0.1945E-06
  392   22.94     -0.3079E-03  0.3578E-03  0.2228E-06 -0.3078E-03  0.3596E-03  0.2241E-06 -0.3065E-03  0.3593E-03  0.2230E-06
  393   23.00     -0.3442E-03  0.3194E-03  0.2205E-06 -0.3454E-03  0.3204E-03  0.2220E-06 -0.3441E-03  0.3206E-03  0.2212E-06
  394   23.06     -0.3574E-03  0.2782E-03  0.2052E-06 -0.3589E-03  0.2783E-03  0.2063E-06 -0.3575E-03  0.2790E-03  0.2056E-06
  395   23.12     -0.3554E-03  0.2422E-03  0.1850E-06 -0.3566E-03  0.2415E-03  0.1855E-06 -0.3554E-03  0.2428E-03  0.1853E-06
  396   23.18     -0.3453E-03  0.2135E-03  0.1648E-06 -0.3458E-03  0.2126E-03  0.1648E-06 -0.3451E-03  0.2144E-03  0.1651E-06
  397   23.24     -0.3312E-03  0.1907E-03  0.1460E-06 -0.3312E-03  0.1900E-03  0.1458E-06 -0.3313E-03  0.1919E-03  0.1466E-06
  398   23.30     -0.3145E-03  0.1714E-03  0.1283E-06 -0.3142E-03  0.1708E-03  0.1279E-06 -0.3151E-03  0.1728E-03  0.1291E-06
  399   23.35     -0.2938E-03  0.1546E-03  0.1102E-06 -0.2930E-03  0.1542E-03  0.1096E-06 -0.2946E-03  0.1557E-03  0.1111E-06
  400   23.41     -0.2673E-03  0.1425E-03  0.9176E-07 -0.2657E-03  0.1428E-03  0.9101E-07 -0.2682E-03  0.1435E-03  0.9251E-07
  401   23.47     -0.2369E-03  0.1386E-03  0.7531E-07 -0.2349E-03  0.1408E-03  0.7499E-07 -0.2376E-03  0.1400E-03  0.7606E-07
  402   23.53     -0.2068E-03  0.1434E-03  0.6334E-07 -0.2068E-03  0.1481E-03  0.6471E-07 -0.2086E-03  0.1461E-03  0.6485E-07
  403   23.59     -0.1774E-03  0.1531E-03  0.5493E-07 -0.1812E-03  0.1563E-03  0.5729E-07 -0.1829E-03  0.1537E-03  0.5709E-07
  404   23.65     -0.1458E-03  0.1712E-03  0.5057E-07 -0.1474E-03  0.1719E-03  0.5127E-07 -0.1468E-03  0.1663E-03  0.4920E-07
  405   23.71     -0.1131E-03  0.2009E-03  0.5317E-07 -0.1153E-03  0.2060E-03  0.5575E-07 -0.1094E-03  0.2032E-03  0.5325E-07
  406   23.77     -0.8567E-04  0.2555E-03  0.7261E-07 -0.9497E-04  0.2587E-03  0.7593E-07 -0.8981E-04  0.2611E-03  0.7624E-07
  407   23.82     -0.9318E-04  0.3282E-03  0.1164E-06 -0.1028E-03  0.3228E-03  0.1148E-06 -0.1015E-03  0.3272E-03  0.1174E-06
  408   23.88     -0.1385E-03  0.3847E-03  0.1672E-06 -0.1409E-03  0.3754E-03  0.1608E-06 -0.1429E-03  0.3774E-03  0.1629E-06
  409   23.94     -0.1966E-03  0.4063E-03  0.2038E-06 -0.1931E-03  0.4005E-03  0.1977E-06 -0.1933E-03  0.3989E-03  0.1965E-06
  410   24.00     -0.2371E-03  0.4041E-03  0.2195E-06 -0.2326E-03  0.4034E-03  0.2169E-06 -0.2289E-03  0.4039E-03  0.2155E-06
  411   24.06     -0.2630E-03  0.4123E-03  0.2391E-06 -0.2612E-03  0.4153E-03  0.2407E-06 -0.2593E-03  0.4203E-03  0.2439E-06
  412   24.12     -0.3075E-03  0.4286E-03  0.2782E-06 -0.3101E-03  0.4316E-03  0.2825E-06 -0.3129E-03  0.4363E-03  0.2882E-06
  413   24.18     -0.3721E-03  0.4219E-03  0.3165E-06 -0.3765E-03  0.4216E-03  0.3195E-06 -0.3809E-03  0.4229E-03  0.3240E-06
  414   24.23     -0.4284E-03  0.3796E-03  0.3276E-06 -0.4312E-03  0.3772E-03  0.3282E-06 -0.4347E-03  0.3760E-03  0.3303E-06
  415   24.29     -0.4539E-03  0.3223E-03  0.3099E-06 -0.4553E-03  0.3196E-03  0.3094E-06 -0.4570E-03  0.3176E-03  0.3097E-06
  416   24.35     -0.4546E-03  0.2723E-03  0.2809E-06 -0.4553E-03  0.2700E-03  0.2802E-06 -0.4559E-03  0.2682E-03  0.2797E-06
  417   24.41     -0.4439E-03  0.2359E-03  0.2527E-06 -0.4442E-03  0.2339E-03  0.2520E-06 -0.4441E-03  0.2326E-03  0.2513E-06
  418   24.47     -0.4307E-03  0.2118E-03  0.2304E-06 -0.4308E-03  0.2100E-03  0.2297E-06 -0.4306E-03  0.2090E-03  0.2291E-06
  419   24.53     -0.4210E-03  0.1948E-03  0.2152E-06 -0.4209E-03  0.1933E-03  0.2145E-06 -0.4205E-03  0.1926E-03  0.2139E-06
  420   24.59     -0.4144E-03  0.1788E-03  0.2037E-06 -0.4142E-03  0.1775E-03  0.2031E-06 -0.4138E-03  0.1771E-03  0.2026E-06
  421   24.65     -0.4070E-03  0.1617E-03  0.1918E-06 -0.4068E-03  0.1607E-03  0.1913E-06 -0.4066E-03  0.1604E-03  0.1910E-06
  422   24.70     -0.3969E-03  0.1455E-03  0.1787E-06 -0.3968E-03  0.1447E-03  0.1784E-06 -0.3966E-03  0.1444E-03  0.1781E-06
  423   24.76     -0.3845E-03  0.1318E-03  0.1652E-06 -0.3846E-03  0.1311E-03  0.1651E-06 -0.3842E-03  0.1307E-03  0.1647E-06
  424   24.82     -0.3708E-03  0.1212E-03  0.1522E-06 -0.3710E-03  0.1204E-03  0.1521E-06 -0.3706E-03  0.1202E-03  0.1518E-06
  425   24.88     -0.3569E-03  0.1138E-03  0.1403E-06 -0.3570E-03  0.1129E-03  0.1402E-06 -0.3567E-03  0.1128E-03  0.1400E-06
  426   24.94     -0.3435E-03  0.1091E-03  0.1299E-06 -0.3435E-03  0.1081E-03  0.1297E-06 -0.3432E-03  0.1081E-03  0.1295E-06
  427   25.00     -0.3309E-03  0.1066E-03  0.1209E-06 -0.3309E-03  0.1057E-03  0.1206E-06 -0.3307E-03  0.1057E-03  0.1205E-06
  428   25.06     -0.3194E-03  0.1059E-03  0.1133E-06 -0.3193E-03  0.1051E-03  0.1130E-06 -0.3192E-03  0.1051E-03  0.1129E-06
  429   25.11     -0.3091E-03  0.1067E-03  0.1069E-06 -0.3089E-03  0.1059E-03  0.1066E-06 -0.3088E-03  0.1060E-03  0.1066E-06
  430   25.17     -0.2998E-03  0.1087E-03  0.1017E-06 -0.2995E-03  0.1081E-03  0.1014E-06 -0.2995E-03  0.1081E-03  0.1014E-06
  431   25.23     -0.2915E-03  0.1122E-03  0.9757E-07 -0.2912E-03  0.1116E-03  0.9726E-07 -0.2912E-03  0.1116E-03  0.9728E-07
  432   25.29     -0.2848E-03  0.1172E-03  0.9487E-07 -0.2845E-03  0.1168E-03  0.9459E-07 -0.2846E-03  0.1167E-03  0.9464E-07
  433   25.35     -0.2807E-03  0.1235E-03  0.9403E-07 -0.2805E-03  0.1233E-03  0.9387E-07 -0.2806E-03  0.1231E-03  0.9389E-07
  434   25.41     -0.2799E-03  0.1298E-03  0.9520E-07 -0.2799E-03  0.1297E-03  0.9516E-07 -0.2800E-03  0.1293E-03  0.9511E-07
  435   25.47     -0.2822E-03  0.1341E-03  0.9764E-07 -0.2824E-03  0.1339E-03  0.9768E-07 -0.2823E-03  0.1335E-03  0.9754E-07
  436   25.53     -0.2858E-03  0.1350E-03  0.9990E-07 -0.2860E-03  0.1346E-03  0.9995E-07 -0.2859E-03  0.1342E-03  0.9975E-07
  437   25.58     -0.2882E-03  0.1327E-03  0.1007E-06 -0.2884E-03  0.1322E-03  0.1006E-06 -0.2882E-03  0.1318E-03  0.1004E-06
  438   25.64     -0.2880E-03  0.1292E-03  0.9962E-07 -0.2881E-03  0.1286E-03  0.9952E-07 -0.2878E-03  0.1282E-03  0.9926E-07
  439   25.70     -0.2854E-03  0.1263E-03  0.9740E-07 -0.2853E-03  0.1258E-03  0.9723E-07 -0.2849E-03  0.1253E-03  0.9689E-07
  440   25.76     -0.2817E-03  0.1257E-03  0.9514E-07 -0.2815E-03  0.1253E-03  0.9497E-07 -0.2810E-03  0.1248E-03  0.9450E-07
  441   25.82     -0.2792E-03  0.1270E-03  0.9408E-07 -0.2790E-03  0.1267E-03  0.9392E-07 -0.2782E-03  0.1264E-03  0.9337E-07
  442   25.88     -0.2781E-03  0.1284E-03  0.9383E-07 -0.2779E-03  0.1283E-03  0.9366E-07 -0.2771E-03  0.1281E-03  0.9319E-07
  443   25.94     -0.2776E-03  0.1303E-03  0.9405E-07 -0.2775E-03  0.1304E-03  0.9399E-07 -0.2767E-03  0.1301E-03  0.9352E-07
  444   25.99     -0.2802E-03  0.1325E-03  0.9604E-07 -0.2805E-03  0.1327E-03  0.9627E-07 -0.2794E-03  0.1324E-03  0.9558E-07
  445   26.05     -0.2855E-03  0.1294E-03  0.9825E-07 -0.2858E-03  0.1288E-03  0.9829E-07 -0.2845E-03  0.1291E-03  0.9764E-07
  446   26.11     -0.2843E-03  0.1206E-03  0.9539E-07 -0.2837E-03  0.1200E-03  0.9491E-07 -0.2828E-03  0.1206E-03  0.9453E-07
  447   26.17     -0.2755E-03  0.1171E-03  0.8962E-07 -0.2746E-03  0.1175E-03  0.8918E-07 -0.2735E-03  0.1179E-03  0.8871E-07
  448   26.23     -0.2681E-03  0.1211E-03  0.8654E-07 -0.2675E-03  0.1223E-03  0.8652E-07 -0.2661E-03  0.1233E-03  0.8602E-07
  449   26.29     -0.2644E-03  0.1285E-03  0.8639E-07 -0.2647E-03  0.1302E-03  0.8703E-07 -0.2639E-03  0.1323E-03  0.8713E-07
  450   26.35     -0.2664E-03  0.1388E-03  0.9022E-07 -0.2679E-03  0.1403E-03  0.9146E-07 -0.2686E-03  0.1425E-03  0.9248E-07
  451   26.41     -0.2773E-03  0.1458E-03  0.9818E-07 -0.2795E-03  0.1464E-03  0.9955E-07 -0.2813E-03  0.1472E-03  0.1008E-06
  452   26.46     -0.2907E-03  0.1427E-03  0.1048E-06 -0.2927E-03  0.1426E-03  0.1060E-06 -0.2940E-03  0.1418E-03  0.1065E-06
  453   26.52     -0.2981E-03  0.1328E-03  0.1065E-06 -0.3001E-03  0.1324E-03  0.1076E-06 -0.3000E-03  0.1313E-03  0.1072E-06
  454   26.58     -0.2995E-03  0.1231E-03  0.1048E-06 -0.3014E-03  0.1222E-03  0.1058E-06 -0.3005E-03  0.1216E-03  0.1051E-06
  455   26.64     -0.2982E-03  0.1151E-03  0.1022E-06 -0.3001E-03  0.1137E-03  0.1030E-06 -0.2989E-03  0.1140E-03  0.1023E-06
  456   26.70     -0.2954E-03  0.1078E-03  0.9891E-07 -0.2968E-03  0.1059E-03  0.9933E-07 -0.2960E-03  0.1069E-03  0.9905E-07
  457   26.76     -0.2901E-03  0.1019E-03  0.9456E-07 -0.2909E-03  0.9972E-04  0.9458E-07 -0.2908E-03  0.1010E-03  0.9474E-07
  458   26.82     -0.2837E-03  0.9911E-04  0.9033E-07 -0.2838E-03  0.9707E-04  0.8997E-07 -0.2842E-03  0.9802E-04  0.9039E-07
  459   26.87     -0.2789E-03  0.9825E-04  0.8746E-07 -0.2786E-03  0.9689E-04  0.8698E-07 -0.2791E-03  0.9730E-04  0.8737E-07
  460   26.93     -0.2740E-03  0.9637E-04  0.8438E-07 -0.2742E-03  0.9567E-04  0.8435E-07 -0.2744E-03  0.9578E-04  0.8448E-07
  461   26.99     -0.2653E-03  0.9618E-04  0.7963E-07 -0.2664E-03  0.9490E-04  0.8000E-07 -0.2663E-03  0.9524E-04  0.7999E-07
  462   27.05     -0.2556E-03  0.1041E-03  0.7616E-07 -0.2565E-03  0.1011E-03  0.7599E-07 -0.2565E-03  0.1019E-03  0.7617E-07
  463   27.11     -0.2551E-03  0.1196E-03  0.7938E-07 -0.2536E-03  0.1158E-03  0.7775E-07 -0.2543E-03  0.1167E-03  0.7831E-07
  464   27.17     -0.2683E-03  0.1303E-03  0.8899E-07 -0.2647E-03  0.1285E-03  0.8659E-07 -0.2658E-03  0.1287E-03  0.8723E-07
  465   27.23     -0.2841E-03  0.1269E-03  0.9682E-07 -0.2811E-03  0.1276E-03  0.9529E-07 -0.2819E-03  0.1273E-03  0.9564E-07
  466   27.29     -0.2915E-03  0.1153E-03  0.9828E-07 -0.2902E-03  0.1169E-03  0.9790E-07 -0.2906E-03  0.1165E-03  0.9803E-07
  467   27.34     -0.2908E-03  0.1044E-03  0.9544E-07 -0.2907E-03  0.1056E-03  0.9563E-07 -0.2909E-03  0.1052E-03  0.9569E-07
  468   27.40     -0.2858E-03  0.9676E-04  0.9102E-07 -0.2861E-03  0.9742E-04  0.9135E-07 -0.2864E-03  0.9713E-04  0.9143E-07
  469   27.46     -0.2786E-03  0.9272E-04  0.8623E-07 -0.2791E-03  0.9290E-04  0.8653E-07 -0.2794E-03  0.9257E-04  0.8666E-07
  470   27.52     -0.2702E-03  0.9260E-04  0.8160E-07 -0.2706E-03  0.9238E-04  0.8174E-07 -0.2711E-03  0.9183E-04  0.8193E-07
  471   27.58     -0.2619E-03  0.9855E-04  0.7830E-07 -0.2617E-03  0.9844E-04  0.7815E-07 -0.2625E-03  0.9706E-04  0.7831E-07
  472   27.64     -0.2612E-03  0.1122E-03  0.8079E-07 -0.2615E-03  0.1134E-03  0.8125E-07 -0.2608E-03  0.1102E-03  0.8014E-07
  473   27.70     -0.2747E-03  0.1198E-03  0.8981E-07 -0.2775E-03  0.1193E-03  0.9124E-07 -0.2732E-03  0.1181E-03  0.8862E-07
  474   27.76     -0.2846E-03  0.1121E-03  0.9356E-07 -0.2850E-03  0.1091E-03  0.9311E-07 -0.2825E-03  0.1113E-03  0.9219E-07
  475   27.81     -0.2837E-03  0.1065E-03  0.9182E-07 -0.2821E-03  0.1052E-03  0.9064E-07 -0.2814E-03  0.1067E-03  0.9059E-07
  476   27.87     -0.2837E-03  0.1062E-03  0.9175E-07 -0.2826E-03  0.1064E-03  0.9121E-07 -0.2817E-03  0.1076E-03  0.9095E-07
  477   27.93     -0.2858E-03  0.1061E-03  0.9295E-07 -0.2857E-03  0.1066E-03  0.9299E-07 -0.2852E-03  0.1084E-03  0.9312E-07
  478   27.99     -0.2891E-03  0.1055E-03  0.9474E-07 -0.2897E-03  0.1056E-03  0.9510E-07 -0.2902E-03  0.1073E-03  0.9576E-07
  479   28.05     -0.2935E-03  0.1033E-03  0.9679E-07 -0.2942E-03  0.1027E-03  0.9711E-07 -0.2952E-03  0.1036E-03  0.9786E-07
  480   28.11     -0.2965E-03  0.9940E-04  0.9779E-07 -0.2969E-03  0.9801E-04  0.9778E-07 -0.2977E-03  0.9833E-04  0.9829E-07
  481   28.17     -0.2981E-03  0.9675E-04  0.9824E-07 -0.2976E-03  0.9491E-04  0.9757E-07 -0.2979E-03  0.9498E-04  0.9774E-07
  482   28.22     -0.3025E-03  0.9570E-04  0.1007E-06 -0.3008E-03  0.9456E-04  0.9941E-07 -0.3006E-03  0.9490E-04  0.9935E-07
  483   28.28     -0.3109E-03  0.9018E-04  0.1048E-06 -0.3092E-03  0.9042E-04  0.1038E-06 -0.3091E-03  0.9139E-04  0.1039E-06
  484   28.34     -0.3155E-03  0.7742E-04  0.1055E-06 -0.3147E-03  0.7822E-04  0.1051E-06 -0.3153E-03  0.7925E-04  0.1057E-06
  485   28.40     -0.3123E-03  0.6524E-04  0.1018E-06 -0.3121E-03  0.6580E-04  0.1018E-06 -0.3130E-03  0.6632E-04  0.1024E-06
  486   28.46     -0.3067E-03  0.5752E-04  0.9738E-07 -0.3067E-03  0.5778E-04  0.9739E-07 -0.3074E-03  0.5796E-04  0.9788E-07
  487   28.52     -0.3018E-03  0.5221E-04  0.9380E-07 -0.3017E-03  0.5236E-04  0.9377E-07 -0.3023E-03  0.5243E-04  0.9415E-07
  488   28.58     -0.2975E-03  0.4748E-04  0.9074E-07 -0.2973E-03  0.4763E-04  0.9068E-07 -0.2979E-03  0.4766E-04  0.9101E-07
  489   28.64     -0.2930E-03  0.4272E-04  0.8765E-07 -0.2929E-03  0.4301E-04  0.8761E-07 -0.2934E-03  0.4295E-04  0.8790E-07
  490   28.69     -0.2875E-03  0.3801E-04  0.8411E-07 -0.2876E-03  0.3849E-04  0.8422E-07 -0.2880E-03  0.3832E-04  0.8443E-07
  491   28.75     -0.2804E-03  0.3418E-04  0.7981E-07 -0.2811E-03  0.3454E-04  0.8020E-07 -0.2812E-03  0.3439E-04  0.8028E-07
  492   28.81     -0.2722E-03  0.3290E-04  0.7518E-07 -0.2731E-03  0.3258E-04  0.7564E-07 -0.2732E-03  0.3268E-04  0.7568E-07
  493   28.87     -0.2651E-03  0.3445E-04  0.7147E-07 -0.2655E-03  0.3362E-04  0.7163E-07 -0.2658E-03  0.3389E-04  0.7179E-07
  494   28.93     -0.2602E-03  0.3697E-04  0.6907E-07 -0.2601E-03  0.3625E-04  0.6896E-07 -0.2606E-03  0.3643E-04  0.6921E-07
  495   28.99     -0.2566E-03  0.3929E-04  0.6739E-07 -0.2563E-03  0.3885E-04  0.6722E-07 -0.2569E-03  0.3887E-04  0.6749E-07
  496   29.05     -0.2537E-03  0.4145E-04  0.6606E-07 -0.2534E-03  0.4118E-04  0.6592E-07 -0.2539E-03  0.4107E-04  0.6617E-07
  497   29.10     -0.2512E-03  0.4352E-04  0.6502E-07 -0.2511E-03  0.4331E-04  0.6492E-07 -0.2515E-03  0.4313E-04  0.6513E-07
  498   29.16     -0.2491E-03  0.4546E-04  0.6414E-07 -0.2490E-03  0.4525E-04  0.6406E-07 -0.2494E-03  0.4500E-04  0.6425E-07
  499   29.22     -0.2471E-03  0.4749E-04  0.6332E-07 -0.2470E-03  0.4727E-04  0.6325E-07 -0.2474E-03  0.4693E-04  0.6341E-07
  500   29.28     -0.2453E-03  0.5000E-04  0.6266E-07 -0.2452E-03  0.4975E-04  0.6258E-07 -0.2455E-03  0.4929E-04  0.6268E-07
  501   29.34     -0.2441E-03  0.5315E-04  0.6241E-07 -0.2440E-03  0.5288E-04  0.6232E-07 -0.2441E-03  0.5232E-04  0.6231E-07
  502   29.40     -0.2442E-03  0.5661E-04  0.6283E-07 -0.2440E-03  0.5633E-04  0.6271E-07 -0.2439E-03  0.5580E-04  0.6258E-07
  503   29.46     -0.2457E-03  0.5960E-04  0.6390E-07 -0.2454E-03  0.5933E-04  0.6374E-07 -0.2451E-03  0.5897E-04  0.6354E-07
  504   29.52     -0.2481E-03  0.6139E-04  0.6530E-07 -0.2477E-03  0.6119E-04  0.6510E-07 -0.2474E-03  0.6105E-04  0.6491E-07
  505   29.57     -0.2505E-03  0.6190E-04  0.6658E-07 -0.2501E-03  0.6180E-04  0.6639E-07 -0.2498E-03  0.6183E-04  0.6625E-07
  506   29.63     -0.2525E-03  0.6161E-04  0.6754E-07 -0.2522E-03  0.6159E-04  0.6737E-07 -0.2520E-03  0.6170E-04  0.6730E-07
  507   29.69     -0.2541E-03  0.6107E-04  0.6828E-07 -0.2538E-03  0.6107E-04  0.6814E-07 -0.2537E-03  0.6120E-04  0.6811E-07
  508   29.75     -0.2557E-03  0.6027E-04  0.6901E-07 -0.2554E-03  0.6029E-04  0.6886E-07 -0.2554E-03  0.6043E-04  0.6886E-07
  509   29.81     -0.2572E-03  0.5878E-04  0.6962E-07 -0.2569E-03  0.5885E-04  0.6946E-07 -0.2569E-03  0.5900E-04  0.6950E-07
  510   29.87     -0.2580E-03  0.5654E-04  0.6977E-07 -0.2577E-03  0.5669E-04  0.6961E-07 -0.2578E-03  0.5680E-04  0.6971E-07
  511   29.93     -0.2575E-03  0.5422E-04  0.6924E-07 -0.2572E-03  0.5449E-04  0.6910E-07 -0.2574E-03  0.5447E-04  0.6924E-07
  512   29.98     -0.2558E-03  0.5295E-04  0.6822E-07 -0.2555E-03  0.5337E-04  0.6814E-07 -0.2558E-03  0.5311E-04  0.6824E-07
  513   30.04     -0.2540E-03  0.5372E-04  0.6741E-07 -0.2540E-03  0.5426E-04  0.6745E-07 -0.2540E-03  0.5375E-04  0.6739E-07
  514   30.10     -0.2545E-03  0.5602E-04  0.6790E-07 -0.2547E-03  0.5651E-04  0.6807E-07 -0.2542E-03  0.5611E-04  0.6778E-07
  515   30.16     -0.2579E-03  0.5681E-04  0.6976E-07 -0.2583E-03  0.5710E-04  0.6997E-07 -0.2576E-03  0.5721E-04  0.6965E-07
  516   30.22     -0.2614E-03  0.5408E-04  0.7123E-07 -0.2617E-03  0.5426E-04  0.7144E-07 -0.2614E-03  0.5469E-04  0.7131E-07
  517   30.28     -0.2622E-03  0.4979E-04  0.7122E-07 -0.2626E-03  0.4987E-04  0.7144E-07 -0.2625E-03  0.5027E-04  0.7145E-07
  518   30.34     -0.2609E-03  0.4612E-04  0.7021E-07 -0.2613E-03  0.4606E-04  0.7042E-07 -0.2614E-03  0.4638E-04  0.7046E-07
  519   30.40     -0.2587E-03  0.4355E-04  0.6881E-07 -0.2590E-03  0.4335E-04  0.6897E-07 -0.2591E-03  0.4365E-04  0.6903E-07
  520   30.45     -0.2560E-03  0.4195E-04  0.6728E-07 -0.2562E-03  0.4168E-04  0.6738E-07 -0.2563E-03  0.4198E-04  0.6746E-07
  521   30.51     -0.2529E-03  0.4133E-04  0.6569E-07 -0.2531E-03  0.4102E-04  0.6573E-07 -0.2532E-03  0.4133E-04  0.6584E-07
  522   30.57     -0.2498E-03  0.4183E-04  0.6413E-07 -0.2498E-03  0.4149E-04  0.6411E-07 -0.2500E-03  0.4181E-04  0.6426E-07
  523   30.63     -0.2467E-03  0.4374E-04  0.6279E-07 -0.2466E-03  0.4339E-04  0.6269E-07 -0.2470E-03  0.4373E-04  0.6290E-07
  524   30.69     -0.2445E-03  0.4731E-04  0.6203E-07 -0.2442E-03  0.4704E-04  0.6183E-07 -0.2447E-03  0.4732E-04  0.6214E-07
  525   30.75     -0.2441E-03  0.5237E-04  0.6234E-07 -0.2435E-03  0.5240E-04  0.6206E-07 -0.2444E-03  0.5245E-04  0.6246E-07
  526   30.81     -0.2466E-03  0.5816E-04  0.6421E-07 -0.2461E-03  0.5873E-04  0.6400E-07 -0.2470E-03  0.5833E-04  0.6440E-07
  527   30.87     -0.2529E-03  0.6293E-04  0.6791E-07 -0.2529E-03  0.6396E-04  0.6806E-07 -0.2535E-03  0.6308E-04  0.6823E-07
  528   30.92     -0.2622E-03  0.6379E-04  0.7283E-07 -0.2631E-03  0.6461E-04  0.7341E-07 -0.2631E-03  0.6367E-04  0.7326E-07
  529   30.98     -0.2710E-03  0.5902E-04  0.7695E-07 -0.2723E-03  0.5897E-04  0.7761E-07 -0.2719E-03  0.5841E-04  0.7732E-07
  530   31.04     -0.2757E-03  0.5091E-04  0.7858E-07 -0.2765E-03  0.5020E-04  0.7895E-07 -0.2761E-03  0.5000E-04  0.7871E-07
  531   31.10     -0.2761E-03  0.4324E-04  0.7809E-07 -0.2763E-03  0.4245E-04  0.7814E-07 -0.2761E-03  0.4238E-04  0.7801E-07
  532   31.16     -0.2745E-03  0.3749E-04  0.7677E-07 -0.2744E-03  0.3695E-04  0.7665E-07 -0.2743E-03  0.3684E-04  0.7657E-07
  533   31.22     -0.2724E-03  0.3317E-04  0.7529E-07 -0.2722E-03  0.3291E-04  0.7519E-07 -0.2720E-03  0.3275E-04  0.7508E-07
  534   31.28     -0.2699E-03  0.2983E-04  0.7373E-07 -0.2698E-03  0.2968E-04  0.7369E-07 -0.2696E-03  0.2957E-04  0.7355E-07
  535   31.33     -0.2672E-03  0.2748E-04  0.7216E-07 -0.2672E-03  0.2733E-04  0.7215E-07 -0.2670E-03  0.2731E-04  0.7201E-07
  536   31.39     -0.2647E-03  0.2610E-04  0.7074E-07 -0.2647E-03  0.2592E-04  0.7074E-07 -0.2645E-03  0.2599E-04  0.7062E-07
  537   31.45     -0.2627E-03  0.2546E-04  0.6968E-07 -0.2627E-03  0.2525E-04  0.6966E-07 -0.2626E-03  0.2537E-04  0.6958E-07
  538   31.51     -0.2615E-03  0.2498E-04  0.6903E-07 -0.2615E-03  0.2479E-04  0.6898E-07 -0.2614E-03  0.2491E-04  0.6894E-07
  539   31.57     -0.2607E-03  0.2422E-04  0.6858E-07 -0.2606E-03  0.2409E-04  0.6852E-07 -0.2606E-03  0.2419E-04  0.6850E-07
  540   31.63     -0.2600E-03  0.2324E-04  0.6812E-07 -0.2599E-03  0.2315E-04  0.6807E-07 -0.2598E-03  0.2323E-04  0.6806E-07
  541   31.69     -0.2591E-03  0.2223E-04  0.6761E-07 -0.2590E-03  0.2217E-04  0.6757E-07 -0.2590E-03  0.2223E-04  0.6757E-07
  542   31.75     -0.2581E-03  0.2130E-04  0.6709E-07 -0.2581E-03  0.2126E-04  0.6706E-07 -0.2581E-03  0.2130E-04  0.6706E-07
  543   31.80     -0.2572E-03  0.2044E-04  0.6658E-07 -0.2572E-03  0.2042E-04  0.6656E-07 -0.2572E-03  0.2044E-04  0.6655E-07
  544   31.86     -0.2563E-03  0.1963E-04  0.6608E-07 -0.2563E-03  0.1962E-04  0.6607E-07 -0.2563E-03  0.1965E-04  0.6606E-07
  545   31.92     -0.2554E-03  0.1890E-04  0.6557E-07 -0.2554E-03  0.1888E-04  0.6557E-07 -0.2553E-03  0.1892E-04  0.6556E-07
  546   31.98     -0.2544E-03  0.1826E-04  0.6507E-07 -0.2545E-03  0.1824E-04  0.6508E-07 -0.2544E-03  0.1828E-04  0.6507E-07
  547   32.04     -0.2535E-03  0.1774E-04  0.6459E-07 -0.2536E-03  0.1771E-04  0.6460E-07 -0.2535E-03  0.1775E-04  0.6459E-07
  548   32.10     -0.2527E-03  0.1733E-04  0.6415E-07 -0.2527E-03  0.1729E-04  0.6416E-07 -0.2527E-03  0.1734E-04  0.6415E-07
  549   32.16     -0.2519E-03  0.1702E-04  0.6376E-07 -0.2519E-03  0.1699E-04  0.6377E-07 -0.2519E-03  0.1704E-04  0.6376E-07
  550   32.21     -0.2513E-03  0.1679E-04  0.6344E-07 -0.2513E-03  0.1676E-04  0.6345E-07 -0.2513E-03  0.1680E-04  0.6346E-07
  551   32.27     -0.2509E-03  0.1655E-04  0.6322E-07 -0.2509E-03  0.1652E-04  0.6323E-07 -0.2509E-03  0.1656E-04  0.6324E-07
  552   32.33     -0.2506E-03  0.1620E-04  0.6305E-07 -0.2506E-03  0.1617E-04  0.6306E-07 -0.2506E-03  0.1620E-04  0.6307E-07
  553   32.39     -0.2503E-03  0.1570E-04  0.6289E-07 -0.2503E-03  0.1568E-04  0.6291E-07 -0.2503E-03  0.1570E-04  0.6292E-07
  554   32.45     -0.2499E-03  0.1510E-04  0.6270E-07 -0.2500E-03  0.1508E-04  0.6272E-07 -0.2500E-03  0.1509E-04  0.6273E-07
  555   32.51     -0.2495E-03  0.1446E-04  0.6245E-07 -0.2495E-03  0.1443E-04  0.6247E-07 -0.2495E-03  0.1444E-04  0.6247E-07
  556   32.57     -0.2489E-03  0.1384E-04  0.6213E-07 -0.2489E-03  0.1382E-04  0.6216E-07 -0.2489E-03  0.1382E-04  0.6216E-07
  557   32.63     -0.2482E-03  0.1331E-04  0.6177E-07 -0.2482E-03  0.1328E-04  0.6180E-07 -0.2482E-03  0.1328E-04  0.6180E-07
  558   32.68     -0.2474E-03  0.1292E-04  0.6136E-07 -0.2474E-03  0.1288E-04  0.6139E-07 -0.2474E-03  0.1289E-04  0.6139E-07
  559   32.74     -0.2465E-03  0.1273E-04  0.6094E-07 -0.2466E-03  0.1268E-04  0.6097E-07 -0.2466E-03  0.1269E-04  0.6097E-07
  560   32.80     -0.2457E-03  0.1277E-04  0.6053E-07 -0.2458E-03  0.1272E-04  0.6057E-07 -0.2458E-03  0.1272E-04  0.6056E-07
  561   32.86     -0.2450E-03  0.1306E-04  0.6018E-07 -0.2451E-03  0.1300E-04  0.6022E-07 -0.2450E-03  0.1301E-04  0.6022E-07
  562   32.92     -0.2445E-03  0.1360E-04  0.5995E-07 -0.2445E-03  0.1353E-04  0.5998E-07 -0.2445E-03  0.1354E-04  0.5998E-07
  563   32.98     -0.2443E-03  0.1431E-04  0.5989E-07 -0.2444E-03  0.1423E-04  0.5992E-07 -0.2444E-03  0.1425E-04  0.5992E-07
  564   33.04     -0.2445E-03  0.1503E-04  0.6003E-07 -0.2446E-03  0.1494E-04  0.6006E-07 -0.2446E-03  0.1496E-04  0.6006E-07
  565   33.09     -0.2451E-03  0.1559E-04  0.6034E-07 -0.2452E-03  0.1547E-04  0.6036E-07 -0.2452E-03  0.1546E-04  0.6037E-07
  566   33.15     -0.2461E-03  0.1599E-04  0.6082E-07 -0.2461E-03  0.1588E-04  0.6083E-07 -0.2461E-03  0.1583E-04  0.6079E-07
  567   33.21     -0.2475E-03  0.1579E-04  0.6153E-07 -0.2476E-03  0.1571E-04  0.6154E-07 -0.2475E-03  0.1578E-04  0.6149E-07
  568   33.27     -0.2486E-03  0.1459E-04  0.6202E-07 -0.2486E-03  0.1451E-04  0.6203E-07 -0.2486E-03  0.1462E-04  0.6203E-07
  569   33.33     -0.2487E-03  0.1328E-04  0.6204E-07 -0.2488E-03  0.1322E-04  0.6205E-07 -0.2488E-03  0.1327E-04  0.6208E-07
  570   33.39     -0.2483E-03  0.1239E-04  0.6182E-07 -0.2484E-03  0.1233E-04  0.6184E-07 -0.2484E-03  0.1235E-04  0.6186E-07
  571   33.45     -0.2476E-03  0.1199E-04  0.6147E-07 -0.2477E-03  0.1195E-04  0.6149E-07 -0.2477E-03  0.1196E-04  0.6150E-07
  572   33.51     -0.2468E-03  0.1232E-04  0.6105E-07 -0.2469E-03  0.1230E-04  0.6110E-07 -0.2469E-03  0.1230E-04  0.6110E-07
  573   33.56     -0.2462E-03  0.1373E-04  0.6079E-07 -0.2463E-03  0.1374E-04  0.6088E-07 -0.2463E-03  0.1372E-04  0.6087E-07
  574   33.62     -0.2468E-03  0.1643E-04  0.6118E-07 -0.2471E-03  0.1637E-04  0.6134E-07 -0.2471E-03  0.1636E-04  0.6131E-07
  575   33.68     -0.2501E-03  0.1951E-04  0.6295E-07 -0.2506E-03  0.1917E-04  0.6316E-07 -0.2505E-03  0.1923E-04  0.6311E-07
  576   33.74     -0.2566E-03  0.2029E-04  0.6627E-07 -0.2569E-03  0.1962E-04  0.6637E-07 -0.2568E-03  0.1977E-04  0.6635E-07
  577   33.80     -0.2637E-03  0.1631E-04  0.6980E-07 -0.2636E-03  0.1560E-04  0.6971E-07 -0.2636E-03  0.1575E-04  0.6972E-07
  578   33.86     -0.2674E-03  0.8397E-05  0.7160E-07 -0.2671E-03  0.7844E-05  0.7140E-07 -0.2672E-03  0.7968E-05  0.7143E-07
  579   33.92     -0.2663E-03 -0.1311E-06  0.7092E-07 -0.2659E-03 -0.5317E-06  0.7068E-07 -0.2659E-03 -0.4186E-06  0.7072E-07
  580   33.98     -0.2613E-03 -0.6334E-05  0.6831E-07 -0.2608E-03 -0.6569E-05  0.6804E-07 -0.2609E-03 -0.6467E-05  0.6809E-07
  581   34.03     -0.2545E-03 -0.8661E-05  0.6484E-07 -0.2540E-03 -0.8729E-05  0.6459E-07 -0.2541E-03 -0.8646E-05  0.6466E-07
  582   34.09     -0.2484E-03 -0.7032E-05  0.6176E-07 -0.2480E-03 -0.7005E-05  0.6156E-07 -0.2482E-03 -0.6948E-05  0.6164E-07
  583   34.15     -0.2449E-03 -0.2658E-05  0.6000E-07 -0.2446E-03 -0.2634E-05  0.5985E-07 -0.2448E-03 -0.2613E-05  0.5993E-07
