RTA protocol at iterat=24000
  j  err   errj     diffrho    temp(2)     mut     diffE    sumvar2 
 RTA-iteration:     1  0.231448      0.222500      2.031264E-12  6.753949E-02 -0.822095      2.442704E-02  1.078508E-02
 RTA-iteration:     2  0.403524      0.370427      2.148504E-12  6.753949E-02 -0.822095      4.254905E-02  4.230702E-02
 RTA-iteration:     3  0.515947      0.482830      1.791456E-12  6.753949E-02 -0.822095      5.556821E-02  6.077158E-02
 RTA-iteration:     4  0.583843      0.560585      1.343814E-12  6.753949E-02 -0.822095      6.473740E-02  7.326559E-02
 RTA-iteration:     5  0.623413      0.614245      1.697309E-12  6.753949E-02 -0.822095      7.109094E-02  8.052215E-02
 RTA-iteration:     6  0.648548      0.648942      1.807443E-12  6.753949E-02 -0.822095      7.543411E-02  8.138675E-02
 RTA-iteration:     7  0.670653      0.670107      1.715961E-12  6.753949E-02 -0.822095      7.836627E-02  7.851240E-02
 RTA-iteration:     8  0.682412      0.680698      1.616485E-12  6.753949E-02 -0.822095      8.031022E-02  7.477314E-02
 RTA-iteration:     9  0.686550      0.684518      1.126210E-12  6.753949E-02 -0.822095      8.155203E-02  7.211429E-02
 RTA-iteration:    10  0.682902      0.683967      6.146195E-13  6.753949E-02 -0.822095      8.228079E-02  7.145711E-02
 RTA-iteration:    11  0.690850      0.674124     -2.540190E-13  6.853948E-02 -0.836924      8.642750E-02  7.267789E-02
 RTA-iteration:    12  0.681449      0.665089     -5.933032E-13  6.853948E-02 -0.836924      8.637780E-02  7.294364E-02
 RTA-iteration:    13  0.670874      0.654024      1.332268E-13  6.853948E-02 -0.836924      8.604715E-02  7.487813E-02
 RTA-iteration:    14  0.660251      0.641182     -1.305622E-13  6.853948E-02 -0.836924      8.553063E-02  7.554185E-02
 RTA-iteration:    15  0.651230      0.627292      7.016610E-13  6.853948E-02 -0.836924      8.489970E-02  7.455157E-02
 RTA-iteration:    16  0.641872      0.613750      2.913225E-13  6.853948E-02 -0.836924      8.419938E-02  7.234942E-02
 RTA-iteration:    17  0.632445      0.600284      4.432010E-13  6.853948E-02 -0.836924      8.345416E-02  6.954867E-02
 RTA-iteration:    18  0.622530      0.588141     -2.389200E-13  6.853948E-02 -0.836924      8.267703E-02  6.656321E-02
 RTA-iteration:    19  0.613210      0.577829      1.421085E-14  6.853948E-02 -0.836924      8.187702E-02  6.351287E-02
 RTA-iteration:    20  0.603779      0.567316     -1.723066E-13  6.853948E-02 -0.836924      8.106347E-02  6.030425E-02
 RTA-iteration:    21  0.589572      0.557138     -9.015011E-13  6.953947E-02 -0.836879      7.939740E-02  5.678276E-02
 RTA-iteration:    22  0.580874      0.547525     -1.123546E-12  6.953947E-02 -0.836879      7.860867E-02  5.294957E-02
 RTA-iteration:    23  0.572915      0.538911     -1.355360E-12  6.953947E-02 -0.836879      7.784801E-02  4.883229E-02
 RTA-iteration:    24  0.564960      0.530893     -1.023182E-12  6.953947E-02 -0.836879      7.711973E-02  4.455026E-02
 RTA-iteration:    25  0.557187      0.522642     -8.659740E-13  6.953947E-02 -0.836879      7.642772E-02  4.027651E-02
 RTA-iteration:    26  0.549991      0.514236     -1.405098E-12  6.953947E-02 -0.836879      7.577520E-02  3.616177E-02
 RTA-iteration:    27  0.543188      0.505848     -1.010747E-12  6.953947E-02 -0.836879      7.516435E-02  3.231685E-02
 RTA-iteration:    28  0.536658      0.497223     -1.120881E-12  6.953947E-02 -0.836879      7.459583E-02  2.881338E-02
 RTA-iteration:    29  0.530364      0.488612     -1.090683E-12  6.953947E-02 -0.836879      7.406860E-02  2.568610E-02
 RTA-iteration:    30  0.524128      0.479780     -1.281641E-12  6.953947E-02 -0.836879      7.357995E-02  2.293396E-02
 RTA-iteration:    31  0.512440      0.471146     -1.366907E-12  7.053947E-02 -0.835907      7.228338E-02  2.052417E-02
 RTA-iteration:    32  0.505953      0.462182     -1.790568E-12  7.053947E-02 -0.835907      7.187577E-02  1.839869E-02
 RTA-iteration:    33  0.499987      0.453480     -1.245226E-12  7.053947E-02 -0.835907      7.149774E-02  1.657095E-02
 RTA-iteration:    34  0.494219      0.445042     -1.242562E-12  7.053947E-02 -0.835907      7.113909E-02  1.492044E-02
 RTA-iteration:    35  0.488529      0.436944     -8.775203E-13  7.053947E-02 -0.835907      7.079316E-02  1.342309E-02
 RTA-iteration:    36  0.482905      0.429164     -1.306510E-12  7.053947E-02 -0.835907      7.045685E-02  1.206985E-02
 RTA-iteration:    37  0.477535      0.421753     -1.448619E-12  7.053947E-02 -0.835907      7.012950E-02  1.085479E-02
 RTA-iteration:    38  0.472386      0.414770     -1.439737E-12  7.053947E-02 -0.835907      6.981164E-02  9.770006E-03
 RTA-iteration:    39  0.449596      0.414326     -1.732836E-12  7.553946E-02 -0.831081      6.473873E-02  8.808535E-03
 RTA-iteration:    40  0.439866      0.415733     -1.784350E-12  8.053945E-02 -0.828488      5.827466E-02  7.723938E-03
 RTA-iteration:    41  0.437677      0.420792     -1.673328E-12  8.653943E-02 -0.827051      4.877561E-02  7.672437E-03
 RTA-iteration:    42  0.434458      0.424028     -1.348255E-12  9.153942E-02 -0.826778      3.939136E-02  9.203185E-03
 RTA-iteration:    43  0.435246      0.428927     -5.799805E-13  9.653941E-02 -0.827116      2.860328E-02  1.122456E-02
 RTA-iteration:    44  0.393199      0.421518     -7.451817E-13  9.653941E-02 -0.827116      2.911093E-02  1.314953E-02
 RTA-iteration:    45  0.377795      0.417184     -9.512391E-13  9.653941E-02 -0.827116      2.953158E-02  1.058150E-02
 RTA-iteration:    46  0.365038      0.410964     -7.700507E-13  9.653941E-02 -0.827116      2.981033E-02  8.529706E-03
 RTA-iteration:    47  0.357557      0.417673     -6.741274E-13  0.101539     -0.827858      1.749548E-02  7.617861E-03
 RTA-iteration:    48  0.411036      0.427321     -6.883383E-13  0.106539     -0.828965      3.233730E-03  5.394343E-03
 RTA-iteration:    49  0.402018      0.422735     -7.354117E-13  0.108151     -0.829355     -1.296836E-03  5.215069E-03
 RTA-iteration:    50  0.352975      0.415280     -5.933032E-13  0.107548     -0.829166      1.015648E-03  5.408547E-03
 RTA-iteration:    51  0.347411      0.410125     -1.127987E-12  0.107909     -0.829255      3.052024E-04  4.704174E-03
 RTA-iteration:    52  0.339470      0.405359     -1.417533E-12  0.108080     -0.829289      7.898507E-05  4.183498E-03
 RTA-iteration:    53  0.323827      0.400585     -6.048495E-13  0.108136     -0.829285      1.211204E-04  4.098039E-03
 RTA-iteration:    54  0.304676      0.395932     -2.274625E-12  0.108204     -0.829281      3.992612E-05  4.035307E-03
 RTA-iteration:    55  0.290681      0.391663     -9.743317E-13  0.108229     -0.829259      3.916363E-05  3.712316E-03
 RTA-iteration:    56  0.280368      0.387733     -1.197265E-12  0.108251     -0.829236      1.669815E-05  3.298190E-03
 RTA-iteration:    57  0.271110      0.383656     -1.643130E-13  0.108260     -0.829211      1.792024E-05  2.949338E-03
 RTA-iteration:    58  0.262434      0.379658     -5.684342E-13  0.108268     -0.829191      1.218561E-05  2.677131E-03
 RTA-iteration:    59  0.255745      0.375729     -1.190159E-13  0.108274     -0.829173      9.802010E-06  2.422047E-03
 RTA-iteration:    60  0.250873      0.371932      3.481659E-13  0.108278     -0.829159      3.528555E-06  2.179736E-03
 RTA-iteration:    61  0.245871      0.368304     -5.222489E-13  0.108277     -0.829146     -1.099778E-06  1.979753E-03
 RTA-iteration:    62  0.241436      0.364831     -1.510791E-12  0.108275     -0.829134     -1.134536E-05  1.827243E-03
 RTA-iteration:    63  0.237334      0.361574     -6.670220E-13  0.108267     -0.829120     -1.700477E-05  1.696820E-03
 RTA-iteration:    64  0.233914      0.358480      3.090861E-13  0.108256     -0.829106     -2.402906E-05  1.565811E-03
 RTA-iteration:    65  0.230660      0.355486      1.865175E-13  0.108241     -0.829090     -2.912889E-05  1.430644E-03
 RTA-iteration:    66  0.227372      0.352568     -2.220446E-14  0.108224     -0.829073     -3.403281E-05  1.298859E-03
 RTA-iteration:    67  0.224081      0.349751     -2.406964E-13  0.108204     -0.829055     -3.832766E-05  1.176521E-03
 RTA-iteration:    68  0.221123      0.346965      5.329071E-15  0.108182     -0.829037     -4.238489E-05  1.066022E-03
 RTA-iteration:    69  0.218522      0.344258      6.217249E-14  0.108158     -0.829017     -4.601302E-05  9.683165E-04
 RTA-iteration:    70  0.216455      0.341609     -1.339373E-12  0.108132     -0.828997     -4.911345E-05  8.833647E-04
 RTA-iteration:    71  0.214642      0.339027     -1.832312E-12  0.108112     -0.828977     -7.604475E-05  8.091420E-04
 RTA-iteration:    72  0.212914      0.336447     -1.850076E-12  0.108071     -0.828950     -4.069292E-05  7.416902E-04
 RTA-iteration:    73  0.211514      0.333988     -1.130651E-12  0.108047     -0.828928     -6.032857E-05  6.801872E-04
 RTA-iteration:    74  0.210088      0.331547     -1.238121E-12  0.108014     -0.828902     -5.136219E-05  6.209847E-04
 RTA-iteration:    75  0.208832      0.329140     -1.346478E-12  0.107985     -0.828877     -5.612563E-05  5.669064E-04
 RTA-iteration:    76  0.207682      0.326755     -3.987921E-13  0.107954     -0.828850     -5.354780E-05  5.178547E-04
 RTA-iteration:    77  0.206591      0.324409     -6.572520E-14  0.107925     -0.828823     -5.452542E-05  4.744703E-04
 RTA-iteration:    78  0.205595      0.322085      9.769963E-15  0.107895     -0.828795     -5.372512E-05  4.360228E-04
 RTA-iteration:    79  0.204723      0.319793      3.286260E-13  0.107866     -0.828766     -5.389362E-05  4.018301E-04
 RTA-iteration:    80  0.203952      0.317549      6.306067E-13  0.107838     -0.828736     -5.365716E-05  3.711085E-04
 RTA-iteration:    81  0.203401      0.315365     -6.252776E-13  0.107818     -0.828708     -8.061414E-05  3.433336E-04
 RTA-iteration:    82  0.202636      0.313168     -1.111999E-12  0.107777     -0.828673     -4.019379E-05  3.177415E-04
 RTA-iteration:    83  0.202200      0.311078     -2.138734E-12  0.107755     -0.828643     -6.079631E-05  2.951945E-04
 RTA-iteration:    84  0.201656      0.308999     -3.038458E-12  0.107724     -0.828608     -5.071626E-05  2.736391E-04
 RTA-iteration:    85  0.201219      0.306976     -3.003819E-12  0.107698     -0.828574     -5.607387E-05  2.542708E-04
 RTA-iteration:    86  0.200774      0.304992     -2.470024E-12  0.107669     -0.828539     -5.364805E-05  2.363549E-04
 RTA-iteration:    87  0.200366      0.303066     -1.871392E-12  0.107642     -0.828502     -5.508484E-05  2.201022E-04
 RTA-iteration:    88  0.199965      0.301175     -2.808420E-12  0.107614     -0.828465     -5.447335E-05  2.052740E-04
 RTA-iteration:    89  0.199588      0.299319     -4.324541E-12  0.107587     -0.828426     -5.481353E-05  1.918215E-04
 RTA-iteration:    90  0.199229      0.297494     -4.149570E-12  0.107560     -0.828387     -5.457725E-05  1.795810E-04
 RTA-iteration:    91  0.199008      0.295717     -4.421352E-12  0.107542     -0.828349     -8.176389E-05  1.684530E-04
 RTA-iteration:    92  0.198485      0.293909     -3.510081E-12  0.107503     -0.828303     -4.035808E-05  1.581226E-04
 RTA-iteration:    93  0.198271      0.292189     -4.574119E-12  0.107484     -0.828263     -6.095531E-05  1.491442E-04
 RTA-iteration:    94  0.197935      0.290463     -4.381384E-12  0.107455     -0.828218     -5.025915E-05  1.404221E-04
 RTA-iteration:    95  0.197685      0.288777     -4.459544E-12  0.107431     -0.828175     -5.527769E-05  1.326725E-04
 RTA-iteration:    96  0.197409      0.287109     -4.569678E-12  0.107405     -0.828129     -5.240055E-05  1.254672E-04
 RTA-iteration:    97  0.197163      0.285480     -4.697576E-12  0.107381     -0.828083     -5.348886E-05  1.189166E-04
 RTA-iteration:    98  0.196920      0.283887     -5.533352E-12  0.107357     -0.828036     -5.259199E-05  1.128831E-04
 RTA-iteration:    99  0.196691      0.282323     -6.497913E-12  0.107333     -0.827988     -5.275823E-05  1.073527E-04
 RTA-iteration:   100  0.196468      0.280788     -6.809664E-12  0.107310     -0.827939     -5.234803E-05  1.022625E-04
 RTA-iteration:   101  0.196372      0.279298     -6.174616E-12  0.107295     -0.827892     -7.845145E-05  9.759584E-05
 RTA-iteration:   102  0.195979      0.277782     -4.764189E-12  0.107259     -0.827838     -3.866324E-05  9.321844E-05
 RTA-iteration:   103  0.195874      0.276340     -4.888534E-12  0.107243     -0.827789     -5.845019E-05  8.940431E-05
 RTA-iteration:   104  0.195635      0.274888     -6.432188E-12  0.107218     -0.827736     -4.815249E-05  8.565170E-05
 RTA-iteration:   105  0.195477      0.273468     -5.821121E-12  0.107198     -0.827683     -5.296775E-05  8.232352E-05
 RTA-iteration:   106  0.195291      0.272060     -5.140777E-12  0.107175     -0.827629     -5.014726E-05  7.921654E-05
 RTA-iteration:   107  0.195129      0.270674     -4.278355E-12  0.107154     -0.827575     -5.110568E-05  7.638900E-05
 RTA-iteration:   108  0.194962      0.269308     -4.588330E-12  0.107133     -0.827520     -5.014751E-05  7.378319E-05
 RTA-iteration:   109  0.194807      0.267969     -4.169110E-12  0.107113     -0.827464     -5.019567E-05  7.139580E-05
 RTA-iteration:   110  0.194655      0.266653     -4.076739E-12  0.107093     -0.827408     -4.969872E-05  6.920088E-05
 RTA-iteration:   111  0.194622      0.265375     -3.081091E-12  0.107081     -0.827353     -7.435786E-05  6.719531E-05
 RTA-iteration:   112  0.194304      0.264075     -2.315481E-12  0.107049     -0.827292     -3.649537E-05  6.532885E-05
 RTA-iteration:   113  0.194259      0.262838     -2.922995E-12  0.107036     -0.827236     -5.518858E-05  6.365269E-05
 RTA-iteration:   114  0.194084      0.261592     -3.026024E-12  0.107014     -0.827176     -4.536591E-05  6.204453E-05
 RTA-iteration:   115  0.193981      0.260371     -1.673328E-12  0.106997     -0.827117     -4.987234E-05  6.060456E-05
 RTA-iteration:   116  0.193848      0.259167     -3.517187E-12  0.106978     -0.827057     -4.714872E-05  5.927096E-05
 RTA-iteration:   117  0.193735      0.257992     -3.042899E-12  0.106961     -0.826996     -4.808229E-05  5.804961E-05
 RTA-iteration:   118  0.193616      0.256835     -3.086420E-12  0.106943     -0.826935     -4.716547E-05  5.692430E-05
 RTA-iteration:   119  0.193504      0.255695     -2.430056E-12  0.106926     -0.826874     -4.714433E-05  5.588774E-05
 RTA-iteration:   120  0.193394      0.254567     -2.686740E-12  0.106909     -0.826812     -4.672222E-05  5.493105E-05
 RTA-iteration:   121  0.193392      0.253462     -4.977352E-12  0.106899     -0.826752     -6.985629E-05  5.405484E-05
 RTA-iteration:   122  0.193121      0.252338     -5.858425E-12  0.106872     -0.826685     -3.429939E-05  5.325884E-05
 RTA-iteration:   123  0.193101      0.251261     -6.980194E-12  0.106861     -0.826624     -5.186227E-05  5.245350E-05
 RTA-iteration:   124  0.192957      0.250178     -6.890488E-12  0.106843     -0.826559     -4.261799E-05  5.175051E-05
 RTA-iteration:   125  0.192878      0.249118     -8.252066E-12  0.106828     -0.826496     -4.686887E-05  5.108326E-05
 RTA-iteration:   126  0.192766      0.248065     -7.555734E-12  0.106812     -0.826431     -4.432388E-05  5.047653E-05
 RTA-iteration:   127  0.192670      0.247025     -7.441159E-12  0.106798     -0.826366     -4.514232E-05  4.990281E-05
