#RTA protocol at iterat= 2200
#  j  err   errj     diffrho    sumj0     sumj1     diffE    sumvar2 
      1  7.455753E-07  3.228300E-07 -3.572254E-12   1.39882       1.31828      1.310189E-02  3.256448E-04
      2  1.223736E-06  6.358076E-07 -1.063238E-11   1.39882       1.24020      1.761792E-02  2.648008E-04
      3  1.603536E-06  9.350745E-07  2.033040E-12   1.39882       1.16551      1.570126E-02  2.257368E-04
      4  1.990483E-06  1.216740E-06  2.547296E-12   1.39882       1.09550      8.789066E-03  2.018583E-04
      5  2.408920E-06  1.477778E-06  6.959766E-12   1.39882       1.03097     -1.555158E-03  1.879382E-04
      6  2.861093E-06  1.716676E-06  2.533085E-12   1.39882      0.972108     -1.400080E-02  1.811830E-04
      7  3.030453E-06  1.913879E-06 -1.725642E-11   1.39882      0.922423     -1.578294E-02  1.695298E-04
      8  2.948898E-06  2.079753E-06  1.120526E-11   1.39882      0.879435     -8.522075E-03  1.544160E-04
      9  2.923916E-06  2.237055E-06  1.966605E-11   1.39882      0.838759     -4.780242E-03  1.436613E-04
     10  2.916717E-06  2.383569E-06  5.651479E-12   1.39882      0.800808     -2.819869E-03  1.361491E-04
     11  2.912040E-06  2.518838E-06 -9.749535E-12   1.39882      0.765608     -1.769667E-03  1.302366E-04
     12  2.906154E-06  2.643440E-06 -3.630873E-11   1.39882      0.732991     -1.189088E-03  1.249546E-04
     13  2.891597E-06  2.757972E-06 -9.369394E-12   1.39882      0.702751     -8.542064E-04  1.197116E-04
     14  2.869109E-06  2.863436E-06 -3.277290E-11   1.39882      0.674705     -6.503716E-04  1.141616E-04
     15  2.840005E-06  2.960442E-06 -4.190781E-11   1.39882      0.648673     -5.182868E-04  1.081368E-04
     16  2.805671E-06  3.049942E-06 -4.878320E-11   1.39882      0.624477     -4.268556E-04  1.016050E-04
     17  2.765698E-06  3.132519E-06 -2.088552E-11   1.39882      0.601998     -3.594679E-04  9.463584E-05
     18  2.719089E-06  3.209051E-06 -3.255085E-11   1.39882      0.581118     -3.070413E-04  8.736977E-05
     19  2.664677E-06  3.279928E-06 -6.781242E-12   1.39882      0.561721     -2.644672E-04  7.998972E-05
     20  2.603040E-06  3.345603E-06  6.775025E-12   1.39882      0.543694     -2.287752E-04  7.269502E-05
     21  2.537532E-06  3.406531E-06  1.033129E-11   1.39882      0.526928     -1.981684E-04  6.567922E-05
     22  2.465041E-06  3.462958E-06 -9.352519E-12   1.39882      0.511308     -1.715196E-04  5.911244E-05
     23  2.387570E-06  3.515179E-06 -6.965095E-12   1.39882      0.496759     -1.480888E-04  5.312888E-05
     24  2.307938E-06  3.563514E-06 -3.702105E-11   1.39882      0.483215     -1.273620E-04  4.781959E-05
     25  2.229899E-06  3.608165E-06 -3.445866E-11   1.39882      0.470637     -1.089688E-04  4.323016E-05
     26  2.155570E-06  3.649396E-06 -5.793055E-11   1.39882      0.458980     -9.262647E-05  3.936284E-05
     27  2.088655E-06  3.687443E-06 -5.237055E-11   1.39882      0.448220     -7.810430E-05  3.618191E-05
     28  2.030939E-06  3.722695E-06 -7.188383E-11   1.39882      0.438320     -6.521210E-05  3.362161E-05
     29  1.985762E-06  3.755067E-06 -8.790657E-11   1.39882      0.429292     -5.378730E-05  3.159524E-05
     30  1.959820E-06  3.784739E-06 -1.061560E-10   1.39882      0.421090     -4.368458E-05  3.000460E-05
     31  1.946798E-06  3.811735E-06 -8.939161E-11   1.39882      0.413721     -3.478259E-05  2.874885E-05
     32  1.937748E-06  3.836153E-06 -1.130234E-10   1.39882      0.407151     -2.697225E-05  2.773209E-05
     33  1.930489E-06  3.858085E-06 -1.448148E-10   1.39882      0.401349     -2.015988E-05  2.686922E-05
     34  1.923879E-06  3.877636E-06 -1.625571E-10   1.39882      0.396300     -1.426883E-05  2.608994E-05
     35  1.916614E-06  3.894999E-06 -1.923457E-10   1.39882      0.391950     -9.234889E-06  2.534073E-05
     36  1.907637E-06  3.910311E-06 -2.154428E-10   1.39882      0.388286     -5.001827E-06  2.458505E-05
     37  1.896716E-06  3.923580E-06 -2.125411E-10   1.39882      0.385265     -1.526951E-06  2.380218E-05
     38  1.884147E-06  3.934817E-06 -2.174589E-10   1.39882      0.382851      1.229369E-06  2.298478E-05
     39  1.869669E-06  3.944160E-06 -2.434586E-10   1.39882      0.380994      3.299462E-06  2.213591E-05
     40  1.855783E-06  3.951734E-06 -2.548584E-10   1.39882      0.379675      4.720765E-06  2.126569E-05
     41  1.840726E-06  3.957498E-06 -2.663745E-10   1.39882      0.378860      5.524470E-06  2.038804E-05
     42  1.824100E-06  3.961532E-06 -2.456284E-10   1.39882      0.378530      5.751959E-06  1.951781E-05
     43  1.804419E-06  3.963901E-06 -2.158922E-10   1.39882      0.378657      5.443561E-06  1.866851E-05
     44  1.781549E-06  3.964704E-06 -1.870832E-10   1.39882      0.379217      4.651554E-06  1.785065E-05
     45  1.754997E-06  3.963967E-06 -2.031646E-10   1.39882      0.380182      3.427445E-06  1.707086E-05
     46  1.723781E-06  3.961754E-06 -2.115694E-10   1.39882      0.381530      1.833804E-06  1.633172E-05
     47  1.688916E-06  3.958120E-06 -2.334879E-10   1.39882      0.383240     -6.570634E-08  1.563210E-05
     48  1.651336E-06  3.953092E-06 -2.433032E-10   1.39882      0.385289     -2.201831E-06  1.496802E-05
     49  1.611669E-06  3.946744E-06 -2.159695E-10   1.39882      0.387665     -4.506686E-06  1.433370E-05
     50  1.571154E-06  3.939127E-06 -1.974003E-10   1.39882      0.390352     -6.910470E-06  1.372282E-05
     51  1.531036E-06  3.930295E-06 -1.838023E-10   1.39882      0.393334     -9.346738E-06  1.312964E-05
     52  1.492652E-06  3.920308E-06 -2.091776E-10   1.39882      0.396598     -1.175463E-05  1.255005E-05
     53  1.457326E-06  3.909198E-06 -1.781597E-10   1.39882      0.400133     -1.407892E-05  1.198227E-05
     54  1.425752E-06  3.897010E-06 -1.611946E-10   1.39882      0.403923     -1.627041E-05  1.142727E-05
     55  1.398234E-06  3.883789E-06 -1.378755E-10   1.39882      0.407956     -1.828920E-05  1.088884E-05
     56  1.375877E-06  3.869565E-06 -1.150413E-10   1.39882      0.412222     -2.010558E-05  1.037332E-05
     57  1.363887E-06  3.854392E-06 -1.267741E-10   1.39882      0.416710     -2.169623E-05  9.889040E-06
     58  1.358557E-06  3.838304E-06 -1.252856E-10   1.39882      0.421410     -2.304701E-05  9.445596E-06
     59  1.358081E-06  3.821333E-06 -1.250013E-10   1.39882      0.426312     -2.415304E-05  9.052903E-06
     60  1.359569E-06  3.803525E-06 -1.115028E-10   1.39882      0.431407     -2.501274E-05  8.720274E-06
     61  1.360651E-06  3.784908E-06 -9.560885E-11   1.39882      0.436686     -2.563137E-05  8.455514E-06
     62  1.361065E-06  3.765527E-06 -1.147757E-10   1.39882      0.442139     -2.602006E-05  8.264139E-06
     63  1.360337E-06  3.745425E-06 -1.422116E-10   1.39882      0.447759     -2.619064E-05  8.148770E-06
     64  1.357752E-06  3.724636E-06 -1.604761E-10   1.39882      0.453539     -2.615493E-05  8.108772E-06
     65  1.353004E-06  3.703190E-06 -1.386411E-10   1.39882      0.459469     -2.593045E-05  8.140129E-06
     66  1.346073E-06  3.681122E-06 -1.633618E-10   1.39882      0.465542     -2.552887E-05  8.235582E-06
     67  1.337298E-06  3.658472E-06 -1.714664E-10   1.39882      0.471749     -2.496615E-05  8.385001E-06
     68  1.326971E-06  3.635273E-06 -1.893374E-10   1.39882      0.478082     -2.425419E-05  8.575955E-06
     69  1.314656E-06  3.611562E-06 -1.813953E-10   1.39882      0.484535     -2.340571E-05  8.794440E-06
     70  1.300736E-06  3.587370E-06 -1.901368E-10   1.39882      0.491098     -2.243151E-05  9.025691E-06
     71  1.285696E-06  3.562730E-06 -2.020490E-10   1.39882      0.497765     -2.134084E-05  9.255030E-06
     72  1.270120E-06  3.537666E-06 -2.064979E-10   1.39882      0.504527     -2.014815E-05  9.468690E-06
     73  1.254528E-06  3.512211E-06 -1.978373E-10   1.39882      0.511376     -1.886039E-05  9.654539E-06
     74  1.239148E-06  3.486395E-06 -2.025446E-10   1.39882      0.518309     -1.749315E-05  9.802684E-06
     75  1.225127E-06  3.460248E-06 -2.300204E-10   1.39882      0.525316     -1.605714E-05  9.905905E-06
     76  1.213176E-06  3.433801E-06 -2.099743E-10   1.39882      0.532391     -1.456743E-05  9.959899E-06
     77  1.204615E-06  3.407083E-06 -2.165566E-10   1.39882      0.539525     -1.303861E-05  9.963328E-06
     78  1.199346E-06  3.380124E-06 -2.093428E-10   1.39882      0.546711     -1.148812E-05  9.917691E-06
     79  1.195327E-06  3.352954E-06 -2.318723E-10   1.39882      0.553946     -9.934566E-06  9.827014E-06
     80  1.191732E-06  3.325599E-06 -2.236327E-10   1.39882      0.561221     -8.395283E-06  9.697410E-06
     81  1.188049E-06  3.298089E-06 -2.072280E-10   1.39882      0.568528     -6.892106E-06  9.536541E-06
     82  1.184347E-06  3.270444E-06 -2.116387E-10   1.39882      0.575859     -5.441050E-06  9.353018E-06
     83  1.180607E-06  3.242692E-06 -2.060192E-10   1.39882      0.583214     -4.063243E-06  9.155783E-06
     84  1.177142E-06  3.214855E-06 -1.888010E-10   1.39882      0.590586     -2.772803E-06  8.953519E-06
     85  1.174342E-06  3.186959E-06 -1.956701E-10   1.39882      0.597967     -1.588532E-06  8.754120E-06
     86  1.171883E-06  3.159028E-06 -1.988836E-10   1.39882      0.605354     -5.221277E-07  8.564257E-06
     87  1.169700E-06  3.131084E-06 -1.774652E-10   1.39882      0.612737      4.165329E-07  8.389048E-06
     88  1.167568E-06  3.103145E-06 -1.741869E-10   1.39882      0.620112      1.218015E-06  8.231860E-06
     89  1.165250E-06  3.075230E-06 -1.625535E-10   1.39882      0.627475      1.881069E-06  8.094241E-06
     90  1.162543E-06  3.047362E-06 -1.364393E-10   1.39882      0.634821      2.402384E-06  7.975971E-06
     91  1.159279E-06  3.019561E-06 -1.325464E-10   1.39882      0.642146      2.783740E-06  7.875229E-06
     92  1.155612E-06  2.991839E-06 -1.350324E-10   1.39882      0.649447      3.032323E-06  7.788847E-06
     93  1.151489E-06  2.964213E-06 -1.167892E-10   1.39882      0.656720      3.154094E-06  7.712637E-06
     94  1.146976E-06  2.936699E-06 -9.707879E-11   1.39882      0.663960      3.159783E-06  7.641757E-06
     95  1.142145E-06  2.909314E-06 -7.380851E-11   1.39882      0.671163      3.063371E-06  7.571092E-06
     96  1.137112E-06  2.882072E-06 -7.389644E-11   1.39882      0.678328      2.877003E-06  7.495625E-06
     97  1.132138E-06  2.854986E-06 -9.589574E-11   1.39882      0.685448      2.616665E-06  7.410774E-06
     98  1.127280E-06  2.828066E-06 -7.108270E-11   1.39882      0.692523      2.297473E-06  7.312677E-06
     99  1.122555E-06  2.801326E-06 -9.262902E-11   1.39882      0.699552      1.935136E-06  7.198407E-06
    100  1.118163E-06  2.774776E-06 -6.560086E-11   1.39882      0.706529      1.544797E-06  7.066116E-06
    101  1.114085E-06  2.748438E-06 -8.763212E-11   1.39882      0.713450      1.142655E-06  6.915102E-06
    102  1.110536E-06  2.722400E-06 -1.055014E-10   1.39882      0.720312      7.414819E-07  6.745788E-06
    103  1.107496E-06  2.696686E-06 -1.178444E-10   1.39882      0.727113      3.528244E-07  6.559648E-06
    104  1.104693E-06  2.671484E-06 -1.260698E-10   1.39882      0.733851     -1.066715E-08  6.359059E-06
    105  1.101949E-06  2.647084E-06 -1.041878E-10   1.39882      0.740526     -3.400245E-07  6.147121E-06
    106  1.099264E-06  2.623654E-06 -9.378276E-11   1.39882      0.747136     -6.261812E-07  5.927430E-06
    107  1.096640E-06  2.600878E-06 -7.779200E-11   1.39882      0.753678     -8.633401E-07  5.703854E-06
    108  1.094075E-06  2.578802E-06 -7.911538E-11   1.39882      0.760150     -1.046802E-06  5.480299E-06
    109  1.091890E-06  2.557377E-06 -7.105605E-11   1.39882      0.766552     -1.171570E-06  5.260487E-06
    110  1.090064E-06  2.536525E-06 -8.004974E-11   1.39882      0.772881     -1.235723E-06  5.047773E-06
    111  1.088510E-06  2.516262E-06 -5.850520E-11   1.39882      0.779138     -1.239227E-06  4.844986E-06
    112  1.087083E-06  2.496636E-06 -6.642598E-11   1.39882      0.785321     -1.180058E-06  4.654320E-06
    113  1.085643E-06  2.477690E-06 -4.918288E-11   1.39882      0.791429     -1.059228E-06  4.477267E-06
    114  1.084074E-06  2.459426E-06 -1.484945E-11   1.39882      0.797462     -8.788169E-07  4.314598E-06
    115  1.082278E-06  2.441577E-06 -4.238121E-11   1.39882      0.803415     -6.404137E-07  4.166387E-06
    116  1.080228E-06  2.424135E-06 -1.458833E-11   1.39882      0.809288     -3.470797E-07  4.032076E-06
    117  1.077932E-06  2.407115E-06  3.793588E-11   1.39882      0.815081     -2.319672E-09  3.910563E-06
    118  1.075413E-06  2.390552E-06  8.970691E-11   1.39882      0.820792      3.884644E-07  3.800329E-06
    119  1.072718E-06  2.374605E-06  6.436451E-11   1.39882      0.826420      8.235925E-07  3.699559E-06
    120  1.069949E-06  2.359240E-06  8.046364E-11   1.39882      0.831965      1.295880E-06  3.606286E-06
    121  1.067120E-06  2.344370E-06  7.904344E-11   1.39882      0.837426      1.801015E-06  3.518524E-06
    122  1.064263E-06  2.329915E-06  5.048317E-11   1.39882      0.842802      2.332094E-06  3.434384E-06
    123  1.061455E-06  2.315910E-06  6.558487E-11   1.39882      0.848092      2.885468E-06  3.352185E-06
    124  1.058884E-06  2.302317E-06  7.523049E-11   1.39882      0.853295      3.453042E-06  3.270528E-06
    125  1.056539E-06  2.289101E-06  1.199183E-10   1.39882      0.858412      4.028900E-06  3.188358E-06
    126  1.054355E-06  2.276175E-06  1.127578E-10   1.39882      0.863441      4.606679E-06  3.104992E-06
    127  1.052191E-06  2.263612E-06  1.606706E-10   1.39882      0.868382      5.177860E-06  3.020119E-06
    128  1.049997E-06  2.251303E-06  1.794538E-10   1.39882      0.873237      5.738589E-06  2.933783E-06
    129  1.047768E-06  2.239229E-06  2.208367E-10   1.39882      0.878003      6.279909E-06  2.846340E-06
    130  1.045502E-06  2.227480E-06  2.576170E-10   1.39882      0.882682      6.797970E-06  2.758400E-06
    131  1.043194E-06  2.216020E-06  2.601919E-10   1.39882      0.887273      7.284786E-06  2.670764E-06
    132  1.040841E-06  2.204823E-06  2.653202E-10   1.39882      0.891776      7.735834E-06  2.584344E-06
    133  1.038441E-06  2.193900E-06  2.440341E-10   1.39882      0.896191      8.147747E-06  2.500096E-06
    134  1.035997E-06  2.183260E-06  1.972920E-10   1.39882      0.900519      8.513264E-06  2.418944E-06
    135  1.033507E-06  2.172941E-06  1.938538E-10   1.39882      0.904760      8.832097E-06  2.341725E-06
    136  1.030969E-06  2.162801E-06  1.927321E-10   1.39882      0.908915      9.100680E-06  2.269134E-06
    137  1.028386E-06  2.152798E-06  1.741407E-10   1.39882      0.912982      9.315712E-06  2.201690E-06
    138  1.025758E-06  2.142973E-06  1.461729E-10   1.39882      0.916964      9.478192E-06  2.139718E-06
    139  1.023092E-06  2.133366E-06  1.837606E-10   1.39882      0.920860      9.588657E-06  2.083335E-06
    140  1.020401E-06  2.123918E-06  2.048859E-10   1.39882      0.924671      9.645001E-06  2.032463E-06
    141  1.017672E-06  2.114661E-06  2.054632E-10   1.39882      0.928398      9.651864E-06  1.986846E-06
    142  1.014903E-06  2.105554E-06  2.434613E-10   1.39882      0.932043      9.609930E-06  1.946077E-06
    143  1.012087E-06  2.096602E-06  2.210401E-10   1.39882      0.935606      9.522017E-06  1.909635E-06
    144  1.009222E-06  2.087829E-06  2.500080E-10   1.39882      0.939090      9.393126E-06  1.876924E-06
    145  1.006322E-06  2.079153E-06  2.052767E-10   1.39882      0.942495      9.226812E-06  1.847315E-06
    146  1.003394E-06  2.070612E-06  1.952198E-10   1.39882      0.945822      9.025579E-06  1.820181E-06
    147  1.000448E-06  2.062165E-06  2.328893E-10   1.39882      0.949073      8.796688E-06  1.794938E-06
    148  9.974980E-07  2.053781E-06  2.098828E-10   1.39882      0.952248      8.543606E-06  1.771066E-06
    149  9.945330E-07  2.045466E-06  1.827587E-10   1.39882      0.955348      8.270668E-06  1.748140E-06
    150  9.915579E-07  2.037295E-06  1.544187E-10   1.39882      0.958375      7.983718E-06  1.725834E-06
    151  9.885790E-07  2.029217E-06  1.594183E-10   1.39882      0.961331      7.686487E-06  1.703936E-06
    152  9.855941E-07  2.021241E-06  1.922107E-10   1.39882      0.964216      7.386074E-06  1.682339E-06
    153  9.826061E-07  2.013353E-06  1.881775E-10   1.39882      0.967031      7.082932E-06  1.661037E-06
    154  9.796204E-07  2.005548E-06  1.615055E-10   1.39882      0.969778      6.784095E-06  1.640107E-06
    155  9.766346E-07  1.997801E-06  2.057927E-10   1.39882      0.972459      6.491754E-06  1.619694E-06
    156  9.736539E-07  1.990125E-06  2.091278E-10   1.39882      0.975074      6.209015E-06  1.599985E-06
    157  9.706773E-07  1.982486E-06  2.163336E-10   1.39882      0.977623      5.939149E-06  1.581193E-06
    158  9.677028E-07  1.974904E-06  2.389440E-10   1.39882      0.980110      5.685760E-06  1.563528E-06
    159  9.647320E-07  1.967383E-06  2.197451E-10   1.39882      0.982534      5.448622E-06  1.547186E-06
    160  9.617661E-07  1.959907E-06  2.646585E-10   1.39882      0.984898      5.230397E-06  1.532324E-06
    161  9.588060E-07  1.952490E-06  2.176268E-10   1.39882      0.987203      5.032115E-06  1.519053E-06
    162  9.558638E-07  1.945148E-06  2.623741E-10   1.39882      0.989451      4.855279E-06  1.507428E-06
    163  9.529267E-07  1.937857E-06  3.017027E-10   1.39882      0.991643      4.699015E-06  1.497443E-06
    164  9.499987E-07  1.930602E-06  2.734524E-10   1.39882      0.993779      4.564895E-06  1.489033E-06
    165  9.470682E-07  1.923372E-06  2.299752E-10   1.39882      0.995861      4.450484E-06  1.482078E-06
    166  9.441377E-07  1.916184E-06  2.640581E-10   1.39882      0.997888      4.355941E-06  1.476410E-06
    167  9.412113E-07  1.909029E-06  3.104805E-10   1.39882      0.999864      4.281376E-06  1.471826E-06
    168  9.382988E-07  1.901917E-06  3.524434E-10   1.39882       1.00179      4.223978E-06  1.468097E-06
    169  9.353892E-07  1.894846E-06  3.845084E-10   1.39882       1.00366      4.184190E-06  1.464983E-06
    170  9.324811E-07  1.887799E-06  3.807239E-10   1.39882       1.00549      4.157624E-06  1.462243E-06
    171  9.295755E-07  1.880793E-06  3.978400E-10   1.39882       1.00727      4.145071E-06  1.459650E-06
    172  9.266704E-07  1.873837E-06  3.971392E-10   1.39882       1.00900      4.142294E-06  1.456997E-06
    173  9.237696E-07  1.866945E-06  3.709628E-10   1.39882       1.01068      4.148913E-06  1.454111E-06
    174  9.208751E-07  1.860099E-06  3.355352E-10   1.39882       1.01232      4.162151E-06  1.450850E-06
    175  9.179852E-07  1.853291E-06  3.048060E-10   1.39882       1.01392      4.179675E-06  1.447115E-06
    176  9.150969E-07  1.846518E-06  2.823972E-10   1.39882       1.01547      4.199428E-06  1.442842E-06
    177  9.122072E-07  1.839795E-06  2.398819E-10   1.39882       1.01698      4.219498E-06  1.438006E-06
    178  9.093162E-07  1.833143E-06  2.770992E-10   1.39882       1.01846      4.237005E-06  1.432616E-06
    179  9.064254E-07  1.826518E-06  3.055574E-10   1.39882       1.01989      4.250201E-06  1.426706E-06
    180  9.035336E-07  1.819924E-06  2.629745E-10   1.39882       1.02129      4.259520E-06  1.420333E-06
    181  9.006461E-07  1.813366E-06  2.379252E-10   1.39882       1.02265      4.259694E-06  1.413565E-06
    182  8.977579E-07  1.806846E-06  2.259473E-10   1.39882       1.02397      4.252222E-06  1.406480E-06
    183  8.948676E-07  1.800358E-06  2.235243E-10   1.39882       1.02526      4.234715E-06  1.399152E-06
    184  8.919764E-07  1.793900E-06  1.987894E-10   1.39882       1.02652      4.205518E-06  1.391652E-06
    185  8.890864E-07  1.787524E-06  1.591749E-10   1.39882       1.02774      4.165404E-06  1.384037E-06
    186  8.861960E-07  1.781185E-06  1.144391E-10   1.39882       1.02894      4.112403E-06  1.376352E-06
    187  8.833040E-07  1.774882E-06  1.096021E-10   1.39882       1.03010      4.047804E-06  1.368623E-06
    188  8.804119E-07  1.768627E-06  7.958256E-11   1.39882       1.03123      3.969271E-06  1.360862E-06
    189  8.775199E-07  1.762412E-06  9.669421E-11   1.39882       1.03233      3.880044E-06  1.353060E-06
    190  8.746290E-07  1.756238E-06  1.188560E-10   1.39882       1.03341      3.779309E-06  1.345197E-06
    191  8.717443E-07  1.750120E-06  9.497203E-11   1.39882       1.03445      3.665636E-06  1.337240E-06
    192  8.688661E-07  1.744072E-06  1.277538E-10   1.39882       1.03548      3.542484E-06  1.329147E-06
    193  8.660024E-07  1.738066E-06  1.668594E-10   1.39882       1.03648      3.410871E-06  1.320871E-06
    194  8.631506E-07  1.732100E-06  2.063771E-10   1.39882       1.03745      3.270004E-06  1.312365E-06
    195  8.603103E-07  1.726179E-06  2.369553E-10   1.39882       1.03840      3.122021E-06  1.303585E-06
    196  8.574849E-07  1.720298E-06  2.059091E-10   1.39882       1.03933      2.969756E-06  1.294494E-06
    197  8.546734E-07  1.714472E-06  1.827605E-10   1.39882       1.04024      2.811453E-06  1.285061E-06
    198  8.518737E-07  1.708695E-06  1.489324E-10   1.39882       1.04112      2.651625E-06  1.275268E-06
    199  8.490886E-07  1.702989E-06  1.618874E-10   1.39882       1.04199      2.489758E-06  1.265108E-06
    200  8.463176E-07  1.697334E-06  1.191767E-10   1.39882       1.04284      2.328130E-06  1.254587E-06
    201  8.435603E-07  1.691718E-06  1.043770E-10   1.39882       1.04367      2.167430E-06  1.243722E-06
    202  8.408207E-07  1.686143E-06  9.822632E-11   1.39882       1.04449      2.009508E-06  1.232541E-06
    203  8.380975E-07  1.680621E-06  1.430385E-10   1.39882       1.04529      1.854948E-06  1.221080E-06
    204  8.353948E-07  1.675155E-06  1.357678E-10   1.39882       1.04607      1.705681E-06  1.209382E-06
    205  8.327128E-07  1.669789E-06  1.551230E-10   1.39882       1.04685      1.563395E-06  1.197496E-06
    206  8.300505E-07  1.664483E-06  1.294538E-10   1.39882       1.04760      1.426048E-06  1.185470E-06
    207  8.274096E-07  1.659216E-06  1.224674E-10   1.39882       1.04835      1.298138E-06  1.173356E-06
    208  8.247937E-07  1.653985E-06  1.095986E-10   1.39882       1.04908      1.177051E-06  1.161199E-06
    209  8.221974E-07  1.648795E-06  8.451728E-11   1.39882       1.04980      1.065219E-06  1.149042E-06
    210  8.196220E-07  1.643664E-06  5.797673E-11   1.39882       1.05051      9.622588E-07  1.136924E-06
    211  8.170726E-07  1.638589E-06  3.324008E-11   1.39882       1.05120      8.680283E-07  1.124875E-06
    212  8.145455E-07  1.633576E-06  4.465495E-11   1.39882       1.05189      7.845930E-07  1.112918E-06
    213  8.120409E-07  1.628613E-06  4.092904E-11   1.39882       1.05257      7.091914E-07  1.101071E-06
    214  8.095596E-07  1.623693E-06  3.773959E-11   1.39882       1.05324      6.430271E-07  1.089345E-06
    215  8.070989E-07  1.618821E-06  5.914647E-11   1.39882       1.05390      5.870899E-07  1.077743E-06
    216  8.046579E-07  1.613988E-06  7.484413E-11   1.39882       1.05456      5.379340E-07  1.066266E-06
    217  8.022393E-07  1.609203E-06  5.773249E-11   1.39882       1.05520      4.973308E-07  1.054909E-06
    218  7.998423E-07  1.604468E-06  7.472511E-11   1.39882       1.05584      4.649294E-07  1.043667E-06
    219  7.974667E-07  1.599777E-06  8.007550E-11   1.39882       1.05648      4.379459E-07  1.032532E-06
    220  7.951117E-07  1.595129E-06  7.934364E-11   1.39882       1.05710      4.186932E-07  1.021497E-06
    221  7.927800E-07  1.590534E-06  6.428280E-11   1.39882       1.05773      4.032346E-07  1.010554E-06
    222  7.904692E-07  1.585976E-06  4.481215E-11   1.39882       1.05834      3.938968E-07  9.997004E-07



